"Feature","Importance_Model_1","Importance_Model_2","Importance_Model_3","Importance_Model_4","Importance_Model_5","Importance_Model_6","Importance_Model_7","Importance_Model_8","Importance_Model_9","Importance_Model_10","Importance_Model_11","Importance_Model_12","Importance_Model_13","Importance_Model_14","Importance_Model_15","Mean_Importance"
"m___DCA",0.0194027751742759,0.0164179285899011,0.0654664320836933,0.0515594636692073,0.0565025445437476,0.106661013316191,0.0811292121529312,0.367861224592051,0.0786510091335261,0.105632037259141,0.0581511384381323,0.100186281508233,0.101984143485822,0.196813602327433,0.10973188013168,0.101076712427064
"m__2-Hydroxyoctanoate",0.0567434792658013,0.0118079758842459,0.0181212837090963,0.0142601701286311,0.0423667636696111,0.0601398028354835,0.0428313969633554,0.0824085259348809,0.071812043929064,0.0960320621503368,0.0557680393532514,0.0646162931279775,0.0854706706214664,0.100829647721522,0.170091132448228,0.0648866191828634
"m__3-Indoxyl sulfate",0.00413356447102687,0.0119231918648203,0.0121027089014447,0.0235835430917154,0.0251250696664738,0,0.0902899467507623,0.0872197726189229,0.00904240251547878,0.0177369922661517,0.0187738932699475,0.0511290052695584,0.0108015890003552,0.0582601970535998,0.070717787419806,0.0327226442773376
"m__C00003_NAD+",0.0239002210709562,0.0031320799003046,0.0495263748300353,0,0.105318343126845,0.0633425881905615,0.0677230778677263,0.125127315976959,0.0234883636067423,0.0709702742360786,0.144028262444673,0.0968676550350143,0.293718373869119,0.158222615291488,0.0943412185094895,0.0879804509303995
"m__C00016_FAD",0.00386651294158677,0,0,0.0224022286937327,0,0.00721543588338674,0.00900215885083461,0.0122464658252952,0.0189675366399537,0.0217904624498192,0,0.0148428078256106,0,0,0.0157275791497389,0.00840407921733056
"m__C00020_AMP",0.0304734846876093,0.0174383926359952,0.069333657040846,0.0887468502091657,0.0824229484930366,0.026920017082337,0.08315374259079,0.297740349269542,0.0963854385824279,0.0101706165970592,0.0860726407310682,0.101140026233728,0.037681073680448,0.0193007872482184,0.031204540977653,0.0718789710706616
"m__C00022_Pyruvate",0,0,0,0,0,0.00670960204109076,0,0.0104004377190311,0,0,0,0,0,0,0,0.00114066931734145
"m__C00026_2-Oxoglutarate",0,0,0,0,0,0,0,0,0,0,0,0,0,0.00610335184073292,0,0.000406890122715528
"m__C00037_Gly",0.0462100404723445,0.00689990762294705,0.0447127771615684,0.0172209206378501,0.0625166660644916,0.0818683796108877,0.0364092961023022,0.245224476662727,0.0540041109654211,0.0324206209732588,0.0875033223897467,0.0332063561308709,0,0.0366808620349043,0.056162867034157,0.0560693735908985
"m__C00041_Ala",0.0661627784552147,0.0262212425670044,0.089277604264717,0.0710479475232666,0.0458787795495232,0.135757325596185,0.0213104300280965,0.12637121536071,0.0868962858704611,0.06038107226245,0.124029886595117,0.15775679113532,0.0560438665384945,0.113159798554401,0.114092410133019,0.086292495628932
"m__C00047_Lys",0.0975376866863755,0.0980663415702712,0.218689984007551,0.0949092047668795,0.225900114719716,0.254382172241888,0.0533477899128861,0.32658318211838,0.160572695909151,0.0569622456485924,0.352343831819849,0.173416293495629,0.295203986284669,0.0990296845141076,0.243954178726493,0.183393292828163
"m__C00055_CMP",0.0139257506868997,0,0.0784923529987075,0.0467455793987577,0.0382855986994114,0.0345154181686908,0.0744868393359019,0.112993482154446,0.0558592438191987,0.0387990033228928,0.091342243777879,0.013909535574049,0.0895436046956034,0.058885784265752,0,0.0498522957932127
"m__C00064_Gln",0.120444863973668,0.01725320983577,0.0599584124748883,0.040395038456303,0.117179768148243,0.0563339356724525,0.0996032000544207,0.32468842580681,0.183601359868215,0.465634904460493,0.206472184528143,0.0679582395266159,0.220962988268515,0.0438934340921032,0.0718629179647115,0.13974952554209
"m__C00065_Ser",0.107638562058997,0.0520139965987496,0.128290579639011,0.10332618107224,0.117105225880679,0.319686687530155,0.146379384483794,0.347203783222363,0.207987328085021,0.303676162094046,0.246447532659809,0.15934058342978,0,0.116549459826966,0.256035361517663,0.174112055206618
"m__C00077_Ornithine",0.0955894623456405,0.155205018062548,0.251928639021162,0.124065087809475,0.114899229443167,0.217492791053464,0.0743213483155707,0.42772067257436,0.202012649112294,0.302439418763029,0.110158394325822,0.163724638661576,0.117975535758472,0.117674008859471,0.077601674296688,0.170187237893516
"m__C00079_Phe",0.187170347397763,0.165459267818651,0.137206034911314,0.340211319296894,0.262788152068893,0.261004699556996,0.0804234931546104,0.309784438290014,0.262260093587513,0.403297759047339,0.158448199278689,0.478389270999027,0.204820087985733,0.30195770210862,0.262494308001959,0.254381011566934
"m__C00082_Tyr",0.052649976821581,0.0542334397398569,0.23132597593877,0.102738502008466,0.0782317807266526,0.0766047493687471,0.108225083949201,0.510151198126791,0.224434228706732,0.42418760022344,0.112068009465885,0.276959269448181,0.16529573720355,0.343715229426047,0.149753007220218,0.194038252558275
"m__C00086_Urea",0.115089393911751,0.0380170976932898,0.10065163636565,0.151407341094866,0.11123423904958,0.120226828173478,0.0710132659963836,0.337139424170352,0.106275133755656,0.0906024572506987,0.108869130790762,0.148713027237109,0.0596906694424555,0.183614980938805,0.0887717196326493,0.122087756366899
"m__C00093_Glycerophosphate",0.0562118936487039,0.0130246238741571,0.11854628234267,0.0142289209422585,0.0898558529728689,0.0497097742470498,0.0042450312209924,0.183666598169024,0.0738668291751056,0.109158674957871,0.0566260861290215,0.0419906856480726,0.0438403763563994,0.0326990000454497,0.0603968655097191,0.0632044996826242
"m__C00097_Cys",0,0,0,0,0,0,0,0,0,0,0,0,0.00563773147777489,0,0,0.000375848765184992
"m__C00104_IDP",0,0,0,0,0,0,0,0,0,0,0,0,0,0.00612450397376633,0,0.000408300264917756
"m__C00105_UMP",0.0473688910765822,0.0514915883957953,0.040222658624325,0.0365867868829345,0.0119851693428178,0.0165259922486684,0.0161990567459267,0.0760023338327808,0.0375104150970981,0.0463261800125802,0.0895432344773523,0.0240203424283564,0.0309921763206378,0.0192206655321828,0.102653245624253,0.0431099157761528
"m__C00109_2-Oxobutyrate",0,0,0,0,0,0,0,0,0,0,0,0,0,0,0,0
"m__C00122_Fumarate",0.0543466105727899,0.114105279454697,0.266406006972127,0.033104325463909,0.113851965870733,0.0960895336040205,0.0227512244201048,0.0198553810999684,0.0599648530081081,0.0710712612265865,0.056376604930127,0.161532302379177,0.144025053304938,0.0619482296807491,0.0285349742698129,0.0869309070838566
"m__C00123_Leu",0.0610376162312327,0.0925444625899826,0.0865929605094864,0.213205830731369,0.0656852131435491,0.624704441902883,0.169808503663522,0.37187712214726,0.171041354567504,0.438443374780042,0.269234643069935,0.402412745590368,0.247179702872168,0.287019429186723,0.0585316416499008,0.237287936175728
"m__C00127_Glutathione(ox)",0.0239998412672526,0.039492206945346,0,0.0285354790699771,0.0156615305133451,0.0681763754874994,0.0394817203183434,0.076077105477448,0,0.0194347611266443,0.0142088430318961,0.0463582961636046,0.0251301975060189,0.105864871335209,0,0.0334947485495057
"m__C00128_CMP-N-acetylneuraminate",0.00413356447102687,0,0,0,0,0,0,0,0,0,0.00937975095103974,0,0.00602378494638164,0,0,0.00130247335789655
"m__C00130_IMP",0,0,0,0.00608222605008444,0.0145805077649636,0.00710322829358424,0,0.0474307356226837,0,0.00678291954086771,0.00735879977994617,0,0.00425517142438236,0,0.0147210140841556,0.00722097350404452
"m__C00134_Putrescine",0.0247667920000706,0.0290154302351848,0.131414349901653,0.0416380927688105,0.0481766289444127,0.083484639122185,0.0153826526087014,0.507101797869307,0.0659459836328219,0.0303522708623762,0.0373459482350973,0.0592502427938384,0.0823158130688246,0.0887287850060722,0.0525665222405572,0.0864990632859942
"m__C00140_N-Acetylglucosamine",0.0570096915905815,0.0315604937813113,0.0288989486255408,0.102935843733378,0.0718220211574166,0.144585632971991,0.0451807978899566,0.404023571671548,0.110942608564589,0.0345266640506894,0.0508731539759428,0.0514925311309873,0.05931969471581,0.0585853776660053,0.117358234578688,0.0912743510736291
"m__C00144_GMP",0,0.0202921523889902,0,0,0.031361875047471,0.0420435566515997,0.0222031407651178,0.0110602613079147,0.00603350041252147,0.0246552069566243,0.0119239389347982,0.0317532637547503,0.0104251699897368,0.00664561561486231,0,0.0145598454549591
"m__C00156_p-Hydroxybenzoate",0.00403419936412966,0.0196157322184887,0.0193180007692676,0,0.0432236183617017,0.0129867888790535,0.0433506150208425,0.122665658841535,0.0289211149706109,0.0662125672224717,0.0200186747647622,0.0681463752253286,0,0.0550926808984376,0.0277827855718683,0.0354245874738998
"m__C00160_Glycolate",0.00416690676644997,0,0.00896796636199231,0,0.0079091985140999,0.0173541450932977,0.00847988828065248,0,0.005463527182062,0,0.00698938784106385,0.00745434725033062,0,0,0,0.00445235781932992
"m__C00163_Propionate",0.0227420306034363,0.0528958810558708,0.0817706134349151,0.0365607983574066,0.0348128897444252,0.0367336765921683,0.0568283450599238,0.295005990273447,0.097683657426847,0.0659101947862549,0.0742081022808284,0.097166127389724,0.0203731528983107,0.0397374821200794,0.102131478648565,0.0743040280448135
"m__C00166_Phenylpyruvate",0,0,0,0,0,0,0,0,0,0,0,0,0.00199178236885982,0,0,0.000132785491257322
"m__C00178_Thymine",0.0495420700607005,0.0184013565470145,0.105963022084568,0.102322803680564,0.0283016513832487,0.0931515006853953,0.0535782805914152,0.13482480780095,0.0749126682102769,0.126507638998531,0.0569320830664492,0.0525524305341261,0.026772120211739,0.0564046141419947,0.223695314719662,0.0802574908477756
"m__C00183_Val",0.0661340818064111,0.0897161804544196,0.167073169998937,0.339286001490544,0.110501505444918,0.230605461235497,0.114937673292409,0.31321835625125,0.201178321801042,0.33100891662185,0.260922239445302,0.355747075599491,0.30443785677698,0.367252996885588,0.233970702159945,0.232399369284306
"m__C00188_Thr",0.0877479607878297,0.0312168834327439,0.0757221691984627,0.0610226876752441,0.021347154061231,0.115829050483772,0.0251760657311047,0.310020729779696,0.0953485430840426,0.0914012400991314,0.13862114377289,0.110997018458181,0.136996564868513,0.0357474997147679,0.0364479155417442,0.0915761751126236
"m__C00191_Glucuronate",0.00426775485061936,0.0179167110965903,0.094123618638968,0.0451983686176564,0.026440678640316,0.0234202743938361,0.020427683540902,0.137042081576416,0.0219273031748647,0.0217030633589714,0.0991537834593856,0.114022558546124,0.0506846999097737,0.0230908428287531,0.010599130140592,0.0473345701849179
"m__C00214_Thymidine",0.00688722617720143,0.0303634962026336,0.03628700710063,0.0246639176010072,0.00484236643720402,0.0260668463540007,0.0247033125027916,0.027075519681775,0.0586309510917093,0.149707744279604,0.0357750901889548,0.0361760444849225,0.00851034284876473,0.0383260131909037,0.0499108584673767,0.0371951157739653
"m__C00242_Guanine",0.0528613702672321,0.051039034141256,0.149989374263129,0.0762368238885017,0.0804416074648715,0.210820663639413,0.0911762989455338,0.265645858577432,0.204283284439381,0.144353889028371,0,0.179204402992158,0.0151638836214353,0.0753308723856231,0.0909019303321398,0.112496619599099
"m__C00255_Riboflavin",0,0.0527798338022185,0.0695927725524184,0.0683947172514865,0.0317970311972541,0.140380847006092,0.0367166615588803,0.188275923541727,0.0522052111302203,0.150351279148325,0.173070515253696,0.0605926970540933,0.136188205310913,0.048617280251718,0.232907075056837,0.0961246700077253
"m__C00257_Gluconate",0,0.00323732183541969,0.00942792382040813,0,0.0316002300022103,0,0,0.0127344740007997,0.00424439301746964,0.00699033091191066,0.0198063993481766,0.0143483576383299,0,0.00705825187853023,0,0.00729651216355033
"m__C00262_Hypoxanthine",0.0177617938254142,0.020825205776108,0.0547526616635219,0.230048088130375,0.0168137512683027,0.120407609774775,0.0362480806405638,0.305812238519561,0.0353252065460459,0.114443079169522,0.118616163269469,0.0605791286516031,0.0874230049512734,0.086375455822914,0.0355096669279981,0.0893960756624964
"m__C00263_Homoserine",0.153298523296162,0.236678144634888,0.505863058297413,0.107796919859742,0.147884899448178,0.167591346454565,0.0856699827304632,0.183352231026689,0.151259063358012,0.125163131032424,0.126838360535531,0.13924214072318,0.0939696804727425,0.115735349888017,0.207946318649219,0.169885943360482
"m__C00294_Inosine",0.0415765389139764,0.0138712222928963,0.0271085884563732,0.262117287608241,0.106812168977247,0.110500557498817,0.0766072068167733,0.235555171377332,0.092786190760605,0.0869763075507778,0.155247858380428,0.0987978166406472,0.0909629150223622,0.0802899227775984,0.0470151450066492,0.101748326538715
"m__C00299_Uridine",0.0592532126767969,0.0202003600346022,0.07648583245333,0.0505826065593018,0.0176206872175541,0.00714671744640211,0.0240162164007712,0.21743495458675,0.023363725185104,0.0631943941721451,0.0736240214204566,0.0437557917185412,0.024228227684868,0.0435848916997002,0.00846458309838949,0.0501970814903142
"m__C00300_Creatine",0.0718462126861362,0.0250143736854739,0.0888889587560487,0.0983793282974164,0.0399811753244217,0.0151251180880508,0.0475877626362197,0.225096884259459,0.119419092101865,0.0481968410177338,0.106058146262421,0.155078536508062,0.0907119188716051,0.160873260978209,0.102399457405436,0.0929771377919039
"m__C00314_Pyridoxine",0.0472487613064511,0.0415981517166071,0.0242616735429632,0.0082447953123367,0.0458358489015231,0.0378855658472265,0.02979240171688,0.20767752281726,0.0427382450053179,0.101903113320049,0.0172535951101595,0.0868908039209341,0.0484528885401119,0.0894998001263143,0.0388181817542196,0.057873423262557
"m__C00322_2-Oxoadipate",0.00398064005677437,0,0.00927843242790693,0,0,0,0,0,0,0,0.00704565936377824,0,0,0,0,0.0013536487898973
"m__C00327_Citrulline",0.0814670657870574,0.125705606096175,0.130124507990719,0.323413277183639,0.214152615021293,0.161893722985843,0.0738268717763825,0.322089844515416,0.23449271513176,0.197585883548118,0.100319382920506,0.0982669018883913,0.1870754757504,0.183121644152955,0.0419887993051772,0.165034954270255
"m__C00329_Glucosamine",0,0.0301695206502929,0.10097414032585,0.0765456030255087,0.0474253932891304,0.0623675142829341,0.0149204528235935,0.171202929816515,0.0486032974518422,0.0398082456427424,0.0369899621460082,0.0201850427773389,0.0356047427194322,0.0939055146917224,0.0354163063841311,0.0542745777351361
"m__C00352_Glucosamine 6-phosphate",0,0.0029446575461567,0.00968981059319723,0,0,0.00708443668434196,0.00441229467942824,0.0414474243209394,0.00614705195633534,0,0,0.0551208644143286,0.0146366123797184,0,0,0.00943221017162973
"m__C00357_N-Acetylglucosamine 6-phosphate",0.125432858448155,0.0484022821100205,0.129054521220245,0.0199249220048137,0.0803817201616607,0.561777016541468,0.132478285603694,0.261993430402922,0.336801056792659,0.112778945533283,0.296031648528133,0.108324832890352,0.0575219906142951,0.142234267152686,0.108115497318749,0.168083551688209
"m__C00364_dTMP",0.00695972329485618,0.0187544585441646,0.03908302965551,0.0594988544264303,0.0890487460579518,0.0368042489511467,0.0388221317753551,0.0521092638086573,0.0514636917920915,0.0492726502685168,0.0790807685893734,0.131647556921277,0.0918929811607965,0.0402937290746057,0.0303978024028523,0.0543419757815724
"m__C00366_Urate",0.00762125949345579,0.0030700865435228,0.181283628306998,0.0809881703651249,0.0795426311839169,0.0964296133968673,0.0564132869807931,0.184998576365479,0.0223364477880534,0.0422035778964419,0.0553933633970735,0.191505524132065,0.1161647069443,0.210587304033266,0.168776565301451,0.0998209828085873
"m__C00371_trans-Zeatin",0.0111729505219286,0.00643228083868711,0.00427686041562031,0.0310368977382675,0.0133753783838463,0.00551768626376633,0.0115410401011357,0.00942629203735872,0.025327674507435,0.0288883140663975,0.00737766849733064,0.0443212133964593,0.00199461160517923,0.0280498374126413,0.0360139829874196,0.0176501792515649
"m__C00378_Thiamine",0.0274255953694088,0.0652415915992838,0.149033713885614,0.0635066202103978,0.0185059363172743,0.0983661197566564,0.0424566233805979,0.165697860170886,0.0296485288249122,0.0371001266545301,0.0433863976859427,0.0410935137389931,0.0694618074142459,0.0674054619732457,0.0083538037499784,0.0617789133821311
"m__C00388_Histamine",0.0622137806520215,0.00877218281345634,0.0997396160223964,0.0378793618956389,0.0285817971278381,0.117618357471289,0.0176048369253568,0.322783541223842,0.119837955320433,0.0515479223246438,0.118682149549146,0.0246361529131684,0.0874458945658154,0.10637196339352,0.0770406448697759,0.0853837438045561
"m__C00407_Ile",0.0987164282850411,0.0444694867344576,0.131385573950064,0.136399716022094,0.0740170409180967,0.127584587343224,0.0499801884600558,0.24020265644678,0.0353655439686077,0.29954933918213,0.0794300940807814,0.339538998062151,0.0547430299448506,0.20135020768845,0.0847680913948536,0.133166732165443
"m__C00408_Pipecolate",0.0812009118903618,0.0408298782168526,0.0832861604033313,0.043268743803393,0.0249163405103579,0.0448256756717544,0.00442980378529899,0.0959367007291926,0.110836522332268,0.218582255776298,0.0681251914433861,0.0900032162011221,0.0579342232348381,0.17425111503109,0.0897886287924044,0.0818810245214633
"m__C00417_cis-Aconitate",0.0474647562892745,0.0428490689686686,0.0972252134398491,0.0161199963520514,0.0305143275414832,0.0179745026986269,0.00823077983016538,0.0604125086184316,0.107205221700523,0.072928309292394,0.059114072037904,0.108967131714225,0.0289102594244867,0.0257309987420166,0.0958689435319523,0.0546344060121368
"m__C00489_Glutarate",0.0336585892837994,0.0261654644168064,0.0839508527688366,0.0467583427650663,0.132955705459968,0.0303966889631317,0.0844877609819193,0.182375685700111,0.142974333824979,0.108180950894639,0.0363806597881016,0.18591499055933,0.0694281414174266,0.130397503593036,0.156159193974169,0.0966789909594213
"m__C00491_Cystine",0.0144768270267463,0,0.0694039955080879,0.0258727177200506,0.0114774051178727,0.0486583365939908,0.0332412476048836,0.141477110399,0,0.0421649406129512,0.0260204885800464,0.0741919349587303,0.012754473350925,0.0318132979551467,0,0.0354368516952288
"m__C00575_cAMP",0,0,0,0,0,0,0,0,0,0,0,0,0,0,0,0
"m__C00581_Guanidinoacetate",0.0307184818185718,0.0119833622921258,0.0677051360953523,0.100757606584925,0.0785666115144173,0.0573466748531752,0.030743893875718,0.171081638405492,0.0902211006744856,0.0711017119191477,0.0533386327321721,0.056677914834841,0.049671174323089,0.0623564207630174,0.0634352580266839,0.0663803745808809
"m__C00584_Prostaglandin E2",0,0,0,0,0,0,0,0,0,0,0,0,0,0,0,0
"m__C00588_Phosphorylcholine",0.0117407669760358,0.00831125236400441,0.0864502602086023,0,0.03705675464467,0.0407746217800453,0.0347784916298915,0.132466058500364,0.0799588539837999,0.0236162470452817,0.0674309033444751,0.00286347281394912,0.0282082405674681,0.0302175604066123,0.0148695043131784,0.0399161992385585
"m__C00612_N1-Acetylspermidine",0.0670877208703476,0.0906918933880477,0.213059564779192,0.0833922840865167,0.316326118874381,0.0484682931806048,0.0948819291127687,0.275540425525014,0.0828713588176462,0.127530991182023,0.252017311114705,0.118139245902371,0.0625804921324391,0.069245211134936,0.137246857855166,0.135938646530411
"m__C00628_2,5-Dihydroxybenzoate",0.109542249893651,0.0529130631697002,0.0829445756083875,0.0665011216239349,0.00480886117448195,0.08186413508981,0.087287446615151,0.275677542944776,0.0436683000429554,0.13236488426591,0.0229879959512321,0.0838870703247179,0.171635363958749,0.107317288056036,0.0820456231443948,0.0936963681242591
"m__C00631_2PG",0.0121240293519043,0.00689740545033518,0.0343122099333385,0.045035069888609,0.0299160388194197,0.0803053263467649,0.00426134685461606,0.0692282655342366,0.020893989263271,0.0203530837113031,0.0140251073803077,0.0312863877659949,0,0.0133399334178904,0.0273338109263833,0.0272874669762916
"m__C00643_5-Hydroxytryptophan",0,0,0,0,0.004930409463335,0.0113799202870899,0,0,0,0,0,0,0,0,0,0.00108735531669499
"m__C00647_Pyridoxamine 5'-phosphate",0.0205535646382826,0.0216019626632651,0.0611025246789443,0.0273972906993348,0.146028988765983,0.0621912707584435,0.0175266426746383,0.142782908285428,0.0772388335592338,0.120163778258489,0.0859197135253686,0.220141465820058,0.085612432474781,0.108988548286784,0.148342578114402,0.0897061668802291
"m__C00689_Trehalose 6-phosphate",0.0039464156787869,0,0,0,0,0,0,0.00388355938869905,0,0,0.0121997276885782,0,0,0,0,0.00133531351707094
"m__C00711_Malate",0.038570771203253,0.025808897637025,0.0861529618839242,0.0583241512126046,0.0532581448433741,0.103265182487386,0.0551931991801164,0.378028470609571,0.0818757212346283,0.124958201954818,0.0791413654125963,0.0836583371506779,0.0432580124652864,0.0666219012596866,0.0848748658746854,0.0908660122939755
"m__C00719_Betaine",0.04033253193541,0.0414199529783977,0.145473057379893,0.140511219073434,0.0576897127498732,0.291036960481681,0.0483359050045014,0.136002143689059,0.0390107807487431,0.111487506781281,0.00722143551738718,0.0800653314975361,0.0783088908876777,0.0821791051440153,0.0294253533734512,0.0885666591494894
"m__C00745_Nicotine",0,0,0,0,0,0,0,0,0,0,0,0,0,0,0,0
"m__C00750_Spermine",0.00420483282397561,0.00322727497455115,0.0816407008837597,0.0346865612286502,0.0620013989839319,0.0340142569777879,0.0151233257163783,0.104974518559745,0.0247244494871241,0.0568754636104782,0.018178960937867,0.0973408423005898,0.00628889306103569,0.0283643829511254,0.0444579626727182,0.0410735883446479
"m__C00785_Urocanate",0.108004853808113,0.198657011353109,0.114961689484766,0.323839812036095,0.255390176605765,0.193454881072889,0.0856288761629187,0.325597408438652,0.151951477782444,0.220452143501276,0.125793609231198,0.0964922052582603,0.128365459355417,0.331066886123638,0.446198990890091,0.207057032073642
"m__C00791_Creatinine",0,0.0354478556573613,0.0603155468203224,0.120251060217937,0.0953730961974006,0.0373630331302946,0.0722524633966336,0.404063877974827,0.0490262973000612,0.0417995967066874,0.0695984189416385,0.213538888772421,0.0510745359129711,0.157501989273196,0.1483225132715,0.10372861157155
"m__C00803_Valerate",0.0473255581546194,0.0054701230461205,0.106140469345459,0.10621943598874,0.0334262016510568,0.0219441584606199,0.00720019264686151,0.327581641849644,0.0352550128845532,0.089196136038627,0.0579676892300192,0.0930976243827172,0.0445198613786843,0.0226648310321693,0.0355638745020442,0.0689048540394624
"m__C00818_Saccharate",0,0,0,0,0.00970609625574866,0.0263477095241911,0.00441011576847543,0.00794870890385888,0,0,0.0313911199857168,0,0.012332660628253,0,0,0.00614242740441625
"m__C00860_Histidinol",0.0127829337570126,0.0377034098987774,0,0,0.0318429228605607,0.00692415531139305,0.0470813575532394,0.196937929803851,0.0120662030068066,0.0613484235477552,0.110514807885502,0.0673393173976801,0.0120146016688443,0.0716648395086712,0.0758071028248664,0.049601867001664
"m__C00864_Pantothenate",0.0524483665764598,0.0573588903321764,0.0711923230887623,0.0667515665502629,0.0237976771210536,0.0726570952037755,0.0157434982463202,0.16781299806495,0.0282034838271147,0.144593702931035,0.11918465695564,0.178544301983165,0.102824011052578,0.0814946976766132,0.0924783137535695,0.0850057055575651
"m__C00881_2'-Deoxycytidine",0.00800575313530332,0.00417484879854707,0.041713121102235,0.120484493447713,0,0.00707065103657814,0.00386601057626093,0.119112483433125,0.0155348507591159,0,0.104699242531189,0.0526244057690229,0.0174724585921393,0.0890961994724114,0.0155118304657598,0.0399577566079601
"m__C00979_O-Acetylserine",0.018101807229772,0.0390330585992955,0.0705278056518172,0.0793560379480353,0,0.0160514509491384,0.00814343600406616,0.11357468946186,0.0319225815851555,0.0475379278993227,0.0482722555542783,0.0398355233134801,0.0708715085156644,0.0431113213413705,0.0162859218857104,0.0428416883959311
"m__C00993_Ala-Ala",0.118065049920054,0.117100736991677,0.0755855676318688,0.107997742154229,0.0999824573333317,0.0813275168923726,0.0975628455466141,0.261139535758863,0.112191161474638,0.0963042962184074,0.176853948128695,0.269903532891218,0.115605807372314,0.215450869021832,0.11464202039166,0.137314205848518
"m__C01004_Trigonelline",0.0562190740530678,0.0210713317485779,0.105252552739656,0.00412239765616835,0.0547786848615856,0.0181198092118746,0.0547036260452608,0.200236013193784,0.0280794848124077,0.0550422783384686,0.0128954205667628,0.111791769211459,0.0561981914998157,0.054259469240195,0.0684327287665159,0.0600801887963733
"m__C01005_O-Phosphoserine",0.0328586625662034,0.0212231471186409,0.0152802834367634,0.0405556484568198,0.0521328013412222,0.0403394884472357,0.0431640208041583,0.189010889450232,0.0143022841585867,0.0709720599201493,0.0441453413799388,0.0618353630532974,0.00622708013324249,0.0787921028904086,0.105397462277064,0.0544157756955975
"m__C01042_N-Acetylaspartate",0.0346230282172353,0.00480546252321296,0.042337737127579,0.0289164064118434,0.10457234659964,0.129566532743606,0.124178732000166,0.0502647411044957,0.0772013415998144,0.167474313974996,0.145491046682123,0.0352900154481137,0.0526613952842296,0.189547540380201,0.113407238979994,0.0866891919384834
"m__C01047_N-gamma-Ethylglutamine",0.0374208778662878,0.0428732803843273,0.0385722263916962,0.0848105148650979,0.0328741060370338,0.0140004322167485,0.106424782487722,0.211001272811313,0.0429541547118347,0.0717842238230902,0.140315570165566,0.0967478764662511,0.0527226604333675,0.14924284243531,0.0354380533367554,0.0771455249621601
"m__C01073_N-Acetyl-beta-alanine",0.0093929480935112,0.0159397357589798,0.0572072638597558,0.0440292343117097,0.0137013484033731,0.0640143784609151,0.0349830792501371,0.0722993658112476,0.0459292442552191,0,0.0491535773376766,0.0142668604898803,0.0735961610880169,0.0175089986052742,0.0361330221108239,0.0365436811891014
"m__C01089_3-Hydroxybutyrate",0.00217491352964256,0,0.0111766592160673,0.0102569179778474,0.00338965650604282,0.021028515427465,0.0331864659524779,0.123556603438657,0.0351953260701476,0.0306262561079041,0.0247377542687839,0,0.0298178604723461,0.0265459959612858,0.0692317574936927,0.028061645494824
"m__C01118_o-Succinylhomoserine",0.0339015238619391,0.0074386169881611,0.0526306856068949,0.00556523683582727,0.0118228598906421,0.0522119508082403,0.00425977091273195,0.121317738747825,0.0059522027342357,0.0270201193872675,0.0191587501415878,0,0,0.0475800652832993,0.0443547982215984,0.0288809546280167
"m__C01152_3-Methylhistidine",0.0583105950471917,0.0726607435067415,0.114940209238524,0.123942831205003,0.125239072934473,0.0884906188413617,0.0151830476847665,0.237020671228048,0.0650336129738247,0.0664769498049902,0.0607627044938272,0.149184355891046,0.028214687796899,0.14899072695021,0.143236973988359,0.0998458534390176
"m__C01180_4-Methylthio-2-oxobutyrate",0,0,0,0,0,0,0,0,0,0,0,0,0,0,0,0
"m__C01239_N-Acetylglucosylamine",0,0.0108693543873536,0,0.016739662541316,0.023370202816362,0,0.00803450068372005,0.0508214274546676,0,0,0.00698938784106385,0.00594018296510721,0,0.0204907646865033,0.00865235113517719,0.0101271889674181
"m__C01419_Cys-Gly",0,0,0,0,0,0,0,0,0,0,0,0,0,0,0,0
"m__C01585_Hexanoate",0.0377977123579,0.0155936128889997,0.0841061328461056,0.00927539472637878,0.0532171176717661,0.0833358885809694,0.0150510753515336,0.148943862626434,0.0274529698366057,0.0496606274259258,0.00677009579755047,0.0204434868279664,0.0459773795363391,0.084219658055068,0.10494473674513,0.0524526500849782
"m__C01586_Hippurate",0.0195771065632306,0,0.00975266341866663,0,0.0269427528180631,0.00712701142403151,0.0217886744933324,0.101264032164077,0.0339051282539261,0.0200807336280741,0.0140372025961116,0.00396012197673814,0.0213391781252508,0.013755679399819,0.102820050313916,0.0264233556783491
"m__C01736_Purine riboside",0.0434086976471022,0.00488090056282334,0.0243336459716552,0.0586299430822676,0.0625636927604789,0.0574925438682893,0,0.0406132795226625,0.0545655556006265,0.00675976483032226,0.0665582944201092,0.0391392879234469,0.0539922131563437,0.0269590441533806,0.0454279280905849,0.0390216527726729
"m__C01771_Crotonate",0,0,0.00968273257231104,0,0,0.0208463074506118,0.00842190407432016,0,0.00626221920610274,0,0.0142204360443572,0.0185346059768972,0,0.0127000518494643,0,0.00604455047827096
"m__C01909_Desthiobiotin",0,0,0,0,0,0,0,0,0,0,0,0,0,0,0,0
"m__C01921_Glycocholate",0.0431283550831347,0.00919393458596653,0.0924685408419774,0.07731928973262,0.023504848678112,0.0314508117034681,0.0265143892021896,0.290868608219028,0.0730876862599356,0.0360402934346924,0.0838606917278222,0.116579667873008,0.063971743213409,0.0818899670877784,0.0540531173098205,0.0735954629968642
"m__C01996_Acetylcholine",0.0182620091738,0.0207818596066703,0.0833200254017132,0.0543192027423306,0.023911945282102,0.0766707601578519,0.0543610950041843,0.0910398202071006,0.0725847416345516,0.14289135812871,0.0831772355337191,0.336229630764681,0.0418902437086134,0.0476788224541702,0.174053070194828,0.0880781213330018
"m__C02137_Benzoylformate",0,0,0,0,0,0,0,0,0,0,0,0,0,0,0,0
"m__C02155_Gly-Leu",0.178307419129782,0.0783212015324689,0.182290832594333,0.0817016482247739,0.38353041696125,0.333621679106294,0.112115374688992,0.190637473902895,0.221008321833255,0.179920559549725,0.170052441418226,0.217416402622229,0.147840629871141,0.315344706974177,0.146910278004978,0.195934625760968
"m__C02256_Castanospermine",0.034795127511041,0.0122316544224971,0.106771749109001,0.076018450251666,0.0570323854802549,0.106910849733694,0.0548884962436528,0.121457148441556,0.168234617271967,0.108529769191884,0.0636739369489119,0.0285116598227056,0.106939993848742,0.050642547111105,0.048072370164463,0.0763140503702095
"m__C02291_Cystathionine",0.0078762939966341,0,0.00886605765333329,0,0,0.00698906926743735,0.00398387675236644,0.0135377598408875,0,0.00698522475346514,0.020160649671917,0,0,0.00664334438601237,0.0248174275096596,0.00665731358878086
"m__C02294_Methylguanidine",0.00807825025295807,0,0.0190431665746499,0.0108493444363322,0,0.00718971240430158,0.00188366949055948,0.0120335643030111,0,0.00689208842341895,0.0270543661136198,0,0.00576700880104527,0,0.0192821885716316,0.00787155729143519
"m__C02354_2',3'-cCMP",0,0,0,0,0,0,0,0,0,0,0,0,0,0,0,0
"m__C02356_2AB",0.0995375785866421,0.0246230652325011,0.0752686942036645,0.183004310753466,0.0388266088216913,0.120612412243072,0.104941215434959,0.110057567378298,0.0892132904041014,0.20046046106296,0.158418567348518,0.217068671473831,0.165031369511883,0.304031232542464,0.0982630386273813,0.132623872241696
"m__C02376_5-Methylcytosine",0,0,0.00873888291782331,0.011400664867341,0.00595544737989285,0,0.033326559913602,0.0120335643030111,0.0375898269423322,0,0.0139493732092386,0,0,0,0,0.00819962130221607
"m__C02421_Isonicotinamide",0,0,0,0.011617666121929,0,0,0,0,0,0,0,0,0,0,0,0.000774511074795265
"m__C02470_Xanthurenate",0.00396024658865553,0,0.00497584868299318,0,0,0,0,0,0,0,0.0141269558204642,0.00775860632177269,0.00626670700681766,0.0114946702146934,0,0.00323886897569311
"m__C02494_1-Methyladenosine",0.046414703750757,0.0482389585790278,0.0621100163006179,0.099818248463688,0.0156923661393687,0.109588213041106,0.00421193391317721,0.103432807316057,0.0747887754084429,0.1217815503972,0.0371306070198031,0.147233143055497,0.224957230759775,0.110343927232206,0.115298443697818,0.0880693950049695
"m__C02504_2-Isopropylmalate",0.0264128026918784,0.0313577985610795,0.0170438339202134,0.0109370296105162,0.00915207256631561,0.0127883477956993,0.0180948386379265,0.208246345856776,0.0428748949469916,0.0400217095641456,0.065625250045564,0.0695877554897941,0.0234479095194706,0.0842646814790377,0.0511260819142725,0.0473987568399787
"m__C02567_N1-Acetylspermine",0.0426606472535318,0.0761665465056862,0.151458712157788,0.0363289765585858,0.176619697059906,0.0808759988771687,0.272414248392982,0.0191833768596703,0.350807112146529,0.304576158645023,0.116842944350805,0.0726440188128252,0.159929209489897,0.226776458919635,0.143653879053735,0.148729199005584
"m__C02614_Citramalate",0.0644887694817023,0.0452876179521546,0.154558599952565,0.0587426302267942,0.072453112172902,0.0971608746131649,0.0210625615565121,0.156100941581047,0.0386402016689197,0.0456898653002748,0.054452556451474,0.0307859590973585,0.065962761464152,0.0967480948718638,0.0766342351764283,0.0719179187711542
"m__C02642_3-Ureidopropionate",0,0,0,0.00603277705780734,0,0,0.00815104953197497,0,0.00606504854762079,0,0,0.00950429274417154,0,0.0231997020737329,0,0.00353019133035384
"m__C02678_Dodecanedioate",0.0345460546952476,0.0279696804892959,0.132162061511947,0.0617620402827015,0.0110598070393206,0.0126118543171802,0.00997857412116848,0.353524168329248,0.22886059936997,0.0408513154451767,0.0497636306283829,0.0182974668107998,0.0322217494011613,0.0925045962146574,0.191932178500999,0.086536385143817
"m__C02679_Dodecanoate",0.00759393184618398,0.0430762257199778,0.136388331340399,0.0586974390526223,0.0218465883357921,0.00722784633382256,0.0346476014415464,0.105594526758923,0.0666124494001294,0.00701229926801348,0.0756580063415701,0.0810289753906477,0.0634408372503848,0.0435081554046483,0.0506545265819909,0.0535325160311101
"m__C02712_N-Acetylmethionine",0.0209433387066161,0.00274428144094485,0.00955362947134691,0.0407898553349917,0.0155633195380789,0,0.0115013814643763,0.109480104013995,0,0.00633234077015581,0,0,0.0166356023107075,0.00703068058212972,0.0415315695296626,0.0188070735442003
"m__C02734_Phenyl phosphate",0,0,0,0,0,0,0,0,0,0,0,0,0,0,0,0
"m__C02918_1-Methylnicotinamide",0.0237020333848681,0.00493970659370073,0.0304292284844583,0.0951279350169866,0.0226417315533509,0.0356518637620688,0.0410129839948535,0.143316561355877,0.0511823467297887,0.114750104194272,0.0920495915294922,0.0534710992828977,0.0804024642013118,0.0460562328599392,0.128271064042719,0.0642003297991056
"m__C02953_7,8-Dihydrobiopterin",0.00579976941238015,0.00323915186472179,0.0287905952562121,0.0342387520149489,0.0117434122618518,0,0.00300689711486961,0.114043336783186,0.0117637510594295,0.0243471233714495,0.00731902248383834,0.019214964682755,0,0.0142569098428162,0.0366935574617577,0.0209638162406811
"m__C02989_Methionine sulfoxide",0.0899805627299663,0.0325346235071936,0.175055742667377,0.130554274255764,0.105185249039471,0.159861717071131,0.0596719799156879,0.0962040489010372,0.115428987294939,0.189872013992546,0.0850150927323181,0.247884903848351,0.117394717659347,0.0552500392282718,0.299795978882525,0.130645995448395
"m__C03030_2,4-Dihydroxypyrimidine-5-carboxylate",0,0,0,0,0,0,0.00400919615315948,0,0,0,0,0,0,0,0,0.000267279743543966
"m__C03114_5,6-Dimethylbenzimidazole",0,0,0,0,0,0.00685177472660187,0,0,0,0,0,0,0,0.0131124131972719,0.0140870948173738,0.00227008551608317
"m__C03283_2,4-Diaminobutyrate",0,0.0103993823025279,0.00904699760544214,0.0596779622148575,0.052529023268661,0.00692415531139305,0.00394655246326637,0.208189033880975,0.0597167720305586,0.0568968493236956,0.0558425172864964,0.0122883784975147,0.0013592908716777,0.0687803201941943,0.0250600842047713,0.0420438212970688
"m__C03519_N-Acetylphenylalanine",0.0170875903798161,0,0.0575992152063133,0,0.0137736145355957,0.0523569962308935,0,0.0967137363588497,0.0059421502244575,0.0266020869142382,0.0192095363801655,0.00765623582169374,0.00556714414362434,0.0550916499306394,0,0.0238399970750858
"m__C03570_Mannosamine",0.0123767342733849,0.211504704050855,0.0176017321058823,0.201343168370654,0.0620856876827279,0.0357667985955763,0.0372543135685059,0.249337764069775,0.0311433297058512,0.0569472492610727,0.133492314895199,0.0838559156162342,0.0104606297516066,0.100200766462701,0.265506215613685,0.100591821601581
"m__C03626_ADMA",0.0588518264325618,0.0228999752011399,0.057122254304936,0.0922992806432205,0.062475429742445,0.0267776779027339,0.0723131850495555,0.241743502089011,0.062725195032438,0.0847378025679073,0.10148716558546,0.0588222319668016,0.0522475707838772,0.0984848808096373,0.0610801461137702,0.0769378749483663
"m__C03722_2,3-Pyridinedicarboxylate",0,0.00301870958503934,0.0301038845321087,0,0,0,0.0200847450662829,0.0166974644453239,0,0.00690313343691802,0,0,0,0.00729670633388597,0.0531076745725525,0.00914748786480742
"m__C03793_N6,N6,N6-Trimethyllysine",0.0349914029367419,0.00948605067645112,0.0323430164394556,0.0252506208522108,0.0502689679072565,0.180004407167789,0.05493712964351,0.0972997821208934,0.0364718073696772,0.073618920095376,0.040435685315211,0.108102070504684,0.0718416465531779,0.0395363529667117,0.0829532413015045,0.0625027401233767
"m__C04037_Galacturonate 1-phosphate",0.0123607585601352,0,0,0.00605740063763513,0.0467762270117393,0.0270699482979547,0.0192998587416725,0.0804104786411482,0.00615436987533098,0.0300368584278212,0,0.0272083799840802,0.00616999856535443,0.0383564665427544,0.0318776868622352,0.0221185621431908
"m__C04259_N-alpha,N-alpha-Dimethylhistidine",0.113362310322531,0.0662495910286563,0.0621712745301809,0.0856568642342728,0.105317562910714,0.30051226056005,0.081319573733804,0.0722300371616454,0.156608990522909,0.195556817746192,0.19333847208755,0.235200517516859,0.0375174709924772,0.26601823840759,0.277441181538875,0.149900077552954
"m__C04501_N-Acetylglucosamine 1-phosphate",0.15526586108224,0.0463531649203084,0.232523557208373,0.0362550918089694,0.171044193189167,0.291605427804792,0.0835112684424107,0.267906830155576,0.25305216544761,0.0913192044090622,0.148231071788732,0.0501633375674064,0.140673734796647,0.108875200464419,0.120883840033794,0.1465109299413
"m__C04874_7,8-Dihydroneopterin",0.0111262805144961,0,0.00843687246451061,0,0.0149570014633405,0.0131650058223197,0.00877350273043599,0.0210466717906609,0,0,0,0,0.00957413570486032,0,0.00795950002895036,0.00633593136797163
"m__C05122_Taurocholate",0.0498058993800525,0.0290115366840906,0.133231847132053,0.0484178671051397,0.0201020764030955,0.0164940417807122,0.0198705784340967,0.248708767326585,0.0404425871595428,0.0383294303551409,0.0729908962820764,0.0509866103948753,0.00609263181218384,0.0118671707408255,0.140069632402595,0.0617614382262044
"m__C05127_1-Methylhistamine",0.00629665298749954,0.0302593411383273,0.0171227734091236,0.0793311720607369,0.026210769203143,0.0579637940762299,0.0252274510936941,0.242219654992237,0.0325648158984508,0.0912121083150321,0.0241550331542233,0.049430108978654,0.0623722198905882,0.0366502574861988,0.0466301720572193,0.0551764216494239
"m__C05145_3-Aminoisobutyrate",0.0412744247462621,0.0619517869233607,0.151600474120745,0.0334836762850916,0.0321732241892403,0.115327522056729,0.0593689416801593,0.303126993023977,0.0314897356118344,0.0548487566821612,0.0769289651152512,0.0574071967852994,0.0338336714749484,0.0333866049451322,0.0859181196607317,0.0781413395533949
"m__C05341_beta-Ala-Lys",0.0407519308157795,0.0611974620497006,0.205613232453178,0.054063844910845,0.0433840537283992,0.300932741106303,0.0687247363347674,0.122732827050202,0.0413262575277863,0.255891165189451,0.0182359482762302,0.203116997725911,0.127536126618368,0.158456506747625,0.147163917684603,0.12327518321461
"m__C05582_Homovanillate",0.0336583063446771,0.0153877859059955,0.0278472680672526,0.0571612457678687,0,0.0209598582927749,0.0266253327085899,0.122774838518608,0.0059421502244575,0.0173262294000938,0.0347273308402504,0.023287660685468,0.013806118970661,0.0373592717873768,0.0170638193927574,0.0302618144604554
"m__C05584_4-Hydroxy-3-methoxymandelate",0.0325110297418049,0.0406316183407896,0.0638501402518906,0,0.0543696904571458,0.0322061826338518,0.0137400100675811,0.136454144265768,0.00596315623985386,0,0.0728683221692036,0.0649694090698621,0,0.0229213410828054,0.0852527307168642,0.0417158516691614
"m__C05587_3-Methoxytyramine",0.00427215157608359,0.00612404740911311,0.0534380354521717,0,0,0,0.00788381892073682,0.0695190563672626,0,0.0171652686646199,0,0.00720022177588753,0,0.0196284469136062,0.027149293356017,0.0141586893623666
"m__C05629_3-Phenylpropionate",0.0739146550187127,0.0405960600145847,0.111213494360197,0.0210725960866671,0.0135261165308269,0.0584161980512331,0.063197665181973,0.0746118736867756,0.0198821779725716,0.0254983330336392,0.132617856283805,0.105040335483,0.0246214464482075,0.0233178427716678,0.144502643491795,0.0621352862943771
"m__C05635_5-Hydroxyindoleacetate",0.00788494874744305,0.0792213314178665,0.025348337304687,0.0852788088269292,0.0457463695501506,0.0251533500117439,0.0684981195073617,0.158815638202756,0.0484898516048065,0.0923806348683896,0.204129667594994,0.116519768789212,0.0764892256488069,0.103732397833796,0.204061098824235,0.0894499699155453
"m__C05824_Cysteine S-sulfate",0.00289988470619007,0,0.00902730167451591,0.0069042692629124,0.0151510071530366,0.0610329411436287,0.00412697993306741,0.0621159082401375,0.0375038396551152,0.0115518302855854,0.0304762118697904,0.00771181648101637,0,0.0283816000120304,0.0469850377479076,0.0215912418776623
"m__C05829_N-Carbamylglutamate",0.00405115935627082,0.00633291452523495,0.00915227422922919,0,0.00499032763389637,0.00709416805341385,0,0.0296210813612581,0,0,0.0064477102833814,0,0,0,0,0.00451264236284565
"m__C05852_2-Hydroxyphenylacetate",0.00417583397691371,0.014434118426874,0,0.00593625262488243,0,0,0.0173603333426874,0,0.00579638319153429,0.0246349460970661,0.0141328599140784,0.0075962613716655,0.00617686174507117,0.0211973321319187,0,0.00809607885484611
"m__C06057_3-Aminopropane-1,2-diol",0.0814959675939849,0.034240900590168,0.131584624499406,0.012367192968505,0.0242722921922548,0.074328942988712,0.0601832674375518,0.107092101301455,0.0696647238975947,0.155918770891215,0.0173009190903333,0.112376130031914,0.0506773973497062,0.107366220968734,0.043903353367649,0.0721848536779455
"m__C06213_N-omega-Methyltryptamine",0,0,0,0,0,0.012321499881285,0,0.0116037941493322,0,0,0.00650144120240958,0,0,0,0.0126180120721334,0.00286964982034401
"m__C06369_2-Deoxyglucose 6-phosphate",0.028817224362156,0.0111700271978995,0,0.00587616343870777,0.00496342559813412,0.0794350278762389,0.0114924030245134,0.0495052240022804,0,0.0107688881615921,0.00137013843521855,0,0,0,0.0307332419910773,0.0156087842725212
"m__C06423_Octanoate",0.00787111563108735,0.0270641711684919,0.0149275460489795,0.0880812414985586,0.0503999684128441,0.036033505336397,0.0553178415358057,0.109273578671667,0.0324182410346225,0.0697330041828383,0.022889371506004,0.0280744361565186,0.0252845620237056,0.0536940065622738,0.0697923896545748,0.0460569986282912
"m__C06524_Nornicotine",0.0714720542310344,0.0619636750296606,0.220230511244996,0.193804919219924,0.0283481115246492,0.135983220578836,0,0.14987907771788,0.0533952277830876,0.0784017847503131,0.0524353009015214,0.0308700972482267,0.0874945352712321,0.13178886418678,0.18897537988591,0.09900285063827
"m__C06818_Amantadine",0,0,0,0,0,0,0,0,0,0,0,0,0,0,0,0
"m__C07044_Hydroxyurea",0.0137284445681989,0.0115152900463543,0.0446151011542452,0.084073434899583,0.0249613308147197,0.0127633480627319,0.0217334657904841,0.0385713851273552,0.0235685409482067,0.046794754560971,0.0721542185407367,0.0464438910344652,0.0596528131050336,0.02564186264836,0.0234101727689581,0.0366418702713602
"m__C07151_Metformin",0.00409395487932716,0.0118286851482158,0.0598799015544626,0.0297912240322215,0.00464484885884439,0.0290668858363053,0.00764734891233666,0.0820411688366166,0.0436564019235208,0.00846236127863974,0.037306040889821,0.029516969950076,0.0215205294788138,0.00736051497980988,0.0234010266569474,0.0266811908810639
"m__C07588_o-Hydroxyhippurate",0.00386651294158677,0.00625419434272473,0.0171734300653452,0,0.0176001430718109,0,0.00622660311246656,0.0665237144176357,0,0.0123270239944965,0,0.00384190938041763,0.0119525606040238,0.00729107615924563,0.0303597776416641,0.0122277963820945
"m__C08262_Isovalerate",0.0980324736926604,0.0277366091049119,0.120809053704239,0.194482908098121,0.0888539540761602,0.243648164877834,0.0743917260164728,0.16081449642332,0.0922725186686471,0.178781211997121,0.104860411970684,0.155087880416488,0.197219153971306,0.371151787457082,0.0261729267797677,0.142287685150321
"m__C08277_Sebacate",0.0191028119376979,0.0193620341664585,0.0150857310468494,0.020917631734516,0.0119886798529514,0.0224527387194799,0.0235549397516888,0.173327669834672,0.0107878322527353,0.0203500078949901,0,0.0127860329236414,0.00510620570925884,0.0403777045085364,0.0557357004636894,0.0300623813864777
"m__C08306_Hexylamine",0.00834870216265062,0.0138217002043554,0,0.0545416140801914,0.038275045420867,0.0266549240689312,0.0405229456775174,0.0371228489502158,0.0551630262378413,0.0359869192146083,0.0706659546560115,0.0358473621940643,0.00607881632054624,0.0396090523418265,0.0605739065346789,0.0348808545376204
"m__C08311_Muscimol",0.00389375655149144,0.0054885628818897,0,0,0,0,0,0.00270755196817751,0,0,0,0,0,0.0138358359513834,0.00441630422524669,0.00202280077187925
"m__C10833_Syringate",0,0.0299226280923121,0.0533325547321479,0.00741195619747822,0,0,0.00854445692939867,0.0225841521274576,0.012167259983413,0.00663489739479779,0.0184476155330079,0.0252459540777296,0.0303731201671431,0,0,0.0143109730156591
"m__C11527_4-Hydroxymandelate",0.0156593774134264,0.038637687377355,0.0483526806211529,0.0214019387779988,0.0460262567968515,0.0565614142350012,0.0344523089936781,0.0595785550155444,0.00477494214465335,0.0652658543775145,0.0357784992624301,0.0278161199293772,0.0491288125621732,0.00732498814138168,0.0403712524407048,0.0367420458726162
"m__C16741_5-Hydroxylysine",0.0538164237736682,0.0174089161922158,0.125735631983717,0.0719986240238204,0.0639823252784414,0.0465974863252073,0.119059670873913,0.196185805803403,0.143155222163417,0.0978763910452499,0.0942329863745306,0.0442636138087592,0.0770612688459565,0.102429542381595,0.166400393621306,0.0946802868330134
"m__C17714_Heptanoate",0.0141648214494669,0,0.00968273257231104,0.0120758372583269,0.0248867299204325,0.00721543588338674,0.00441438087076603,0.0996390416667326,0.0163298887198101,0.0221967421044088,0.00344773397097478,0.0213361673848749,0.0261500240714627,0.0271104666492078,0,0.0192433335014775
"m__C17715_Undecanoate",0,0,0.00481270610322289,0,0.00467604641880907,0.0212732128182929,0,0,0,0.0133329091524474,0.0123804992594094,0.00752423175580246,0.0118737606444966,0,0,0.00505822441016539
"m__Cysteine-glutathione disulphide -Divalent",0.0535250099607682,0.0252739757888235,0.00853002631370259,0.122011305489656,0.0764243692778801,0.138944455277569,0.0120981080484877,0.247988209378259,0,0.109373321724797,0.0853882976972233,0.135610685763019,0.0836533613091215,0.132049721933923,0.0410359696954599,0.0847937878439127
"m__gamma-Glu-2AB",0.00833653812057773,0.00337757715808597,0.0258830293397602,0.0143524528923966,0.0184519245043077,0.0317713125354864,0.00375862139358702,0.0325577618712522,0,0.00358962938719737,0,0.0395257888725864,0.0292186135225649,0.0276649671945136,0.0671988717325848,0.0203791392349934
"m__N1,N8-Diacetylspermidine",0.132001145492733,0.063153069071255,0.0330994183454784,0.147698105243753,0.158087162632539,0.0598063528057146,0.0872468963845755,0.231447314411015,0.0728421245588639,0.26850712227295,0.121863225496276,0.168144688377016,0.167255112782223,0.133711151553339,0.303050255611136,0.143194209669258
"m__SDMA",0.0238305282539144,0.00714204042700724,0.0606486443228502,0.0323695142219313,0.0431939428560479,0.0277251196259492,0.0623377853972015,0.214047258228051,0.0560333001843119,0.0649009536065298,0.0232707235454983,0.083937158448056,0.0369372519477636,0.0474923914313066,0.0680326898042842,0.0567932868200469
"t__d__Bacteria;p__Actinobacteriota;c__Actinomycetia;o__Actinomycetales;f__Actinomycetaceae;g__Actinomyces;s__Actinomyces johnsonii",0.0243468611221488,0.0142826923037871,0.083293962302887,0.0771477913515732,0.0787876480611335,0.0375929806910892,0.0315765308802246,0.103956067953891,0.0581600944026028,0.11747139826896,0.0952234971875023,0.0918758247263464,0.0284822301061118,0.130873683296153,0.0672746752210749,0.0693563958583657
"t__d__Bacteria;p__Actinobacteriota;c__Actinomycetia;o__Actinomycetales;f__Actinomycetaceae;g__Actinomyces;s__Actinomyces oris",0.0462048614927234,0.0256124865483337,0.0529633066764802,0.0347405693388005,0.0145364115547605,0.0504559272918767,0.00561225423590828,0.0709120753570299,0.0461948909734639,0.0901809099879122,0.0789845090859022,0.0414834290022976,0.0218202982770362,0.064651129054662,0.0723669345091591,0.0477813328924231
"t__d__Bacteria;p__Actinobacteriota;c__Actinomycetia;o__Actinomycetales;f__Actinomycetaceae;g__Actinomyces;s__Actinomyces oris_A",0.0183659364725371,0.0198902718758629,0.0942281567660881,0.0439329983468001,0.00613260223132746,0.0269656236982302,0,0.136036138866728,0.0762193984589041,0.0316360743794757,0.0465236408028858,0.0242324204127987,0.0926582023305179,0.0625623970801908,0.00824376788712715,0.045841841973965
"t__d__Bacteria;p__Actinobacteriota;c__Actinomycetia;o__Actinomycetales;f__Actinomycetaceae;g__Pauljensenia;s__Pauljensenia sp001064145",0.102867797743179,0.0634545745630585,0.0812509725989282,0.0747073933542058,0.0582601129828984,0.197175499673719,0.107490181808224,0.066921266965584,0.208660685226052,0.0617394551922499,0.148451754182831,0.498560199841672,0.102552411366926,0.042575143652312,0.135361565247406,0.130001934293283
"t__d__Bacteria;p__Actinobacteriota;c__Actinomycetia;o__Actinomycetales;f__Actinomycetaceae;g__Pauljensenia;s__Pauljensenia sp001838165",0.0316402191991762,0.0315620342022005,0.0626896893650709,0.0297698171027402,0.0716496596258351,0.211576386592414,0.0718602719579279,0.071817395528584,0.0988271562202854,0.197063599444542,0.0765040320033407,0.287600618005006,0.0397087555417461,0.155095784216072,0.140312960714901,0.105178558647989
"t__d__Bacteria;p__Actinobacteriota;c__Actinomycetia;o__Actinomycetales;f__Actinomycetaceae;g__Pauljensenia;s__Pauljensenia sp018382595",0.0285785231138277,0.0178317274943657,0.189684124532311,0.0613842585950925,0.0234333311487127,0.0229836223306945,0.0808576269489391,0.135003521652248,0.103565274633729,0.0490363594980137,0.075173182520132,0.026794364470636,0.0979081927303097,0.0645230782967907,0.0871473636990069,0.0709269701109874
"t__d__Bacteria;p__Actinobacteriota;c__Actinomycetia;o__Actinomycetales;f__Actinomycetaceae;g__Pauljensenia;s__Pauljensenia turicensis",0.0177947470607118,0.00585446707401568,0.164360044471747,0,0.0467052311092347,0.0245450579266232,0.0309696844588953,0.203647108033864,0,0.0933167325721817,0.0343849514419068,0.111798967913405,0,0.0165960584754272,0.0784025919723253,0.0552250428340225
"t__d__Bacteria;p__Actinobacteriota;c__Actinomycetia;o__Actinomycetales;f__Bifidobacteriaceae;g__Bifidobacterium;s__Bifidobacterium bifidum",0.0267004295640901,0.0123492788947954,0.139703700173301,0.0507728507779273,0.0797880533316884,0.0544969652697646,0.0350532431799761,0.112625508978776,0.105168970057556,0.0536407945677888,0.0355824085774679,0.062024287961437,0.0448829456164037,0.068591039689496,0.157717457267447,0.069273195593861
"t__d__Bacteria;p__Actinobacteriota;c__Actinomycetia;o__Actinomycetales;f__Bifidobacteriaceae;g__Bifidobacterium;s__Bifidobacterium callitrichos",0.0112982521020392,0.0519098468277703,0.0517000829480636,0.0639932572284814,0.0640051548341838,0.0805135216141084,0.0477681176481739,0.168103101758053,0.0576736196020534,0.0287836860411078,0.127184090439985,0.0656879399591398,0.0105960056897797,0.0647761918222451,0.0084485819961241,0.0601627633674206
"t__d__Bacteria;p__Actinobacteriota;c__Actinomycetia;o__Actinomycetales;f__Bifidobacteriaceae;g__Bifidobacterium;s__Bifidobacterium cebidarum",0.0688299909969797,0.0667904826226299,0.0650960252634721,0.0419232337023088,0.0629223755571841,0.0318916900962299,0.0312050998881213,0.260049104707757,0.0624514329761842,0.108715173827382,0.0871671643908787,0.056677972140503,0.042065335406532,0.0477714271015779,0.100628039791279,0.075612303231268
"t__d__Bacteria;p__Actinobacteriota;c__Actinomycetia;o__Actinomycetales;f__Bifidobacteriaceae;g__Bifidobacterium;s__Bifidobacterium felsineum",0.118549789766381,0.0454342375128532,0.10962422994966,0.0440163805263468,0.0760711222404189,0.0355895479984094,0.036102222464421,0.234411206509129,0.129823802291768,0.0712757089488027,0.072431664505175,0.117785153947182,0.231672035176808,0.00816600529835512,0.0938538509164034,0.0949871305368075
"t__d__Bacteria;p__Actinobacteriota;c__Actinomycetia;o__Actinomycetales;f__Bifidobacteriaceae;g__Bifidobacterium;s__Bifidobacterium goeldii",0.0636996713996474,0.0121225167651919,0.118083607212469,0.0364532017984285,0.0521922493222807,0.0707312106821677,0.0235318987197458,0.107906599989363,0.0176871488582056,0.0739505860513752,0.0772590595525546,0.164520269399618,0.0970890167682454,0.00725747672994035,0.00757080724328003,0.0620036880328342
"t__d__Bacteria;p__Actinobacteriota;c__Actinomycetia;o__Actinomycetales;f__Bifidobacteriaceae;g__Bifidobacterium;s__Bifidobacterium hapali",0.0233414827020567,0.0226300654824097,0.180763854513158,0.0787256071525353,0.0215239084433348,0.0680436299948737,0.00338275925422832,0.160867635343689,0.0378357320414437,0.0930333726903161,0.155659683478382,0.0649977606928874,0.0109418693769832,0.0112490889314076,0.0313925625344619,0.0642926008421445
"t__d__Bacteria;p__Actinobacteriota;c__Actinomycetia;o__Actinomycetales;f__Bifidobacteriaceae;g__Bifidobacterium;s__Bifidobacterium imperatoris",0.0167874224800842,0.0271611188519513,0.0605920672488123,0.0577533633230414,0.0491548306632475,0.0869469388197067,0.0752942476651965,0.351548124006313,0.017230888224572,0.0746644952146993,0.0276013592027209,0.052623177086771,0.0345356157081626,0.0681124478687033,0.124821213716148,0.0749884873386754
"t__d__Bacteria;p__Actinobacteriota;c__Actinomycetia;o__Actinomycetales;f__Bifidobacteriaceae;g__Bifidobacterium;s__Bifidobacterium jacchi",0.0250895782898437,0.0292462857546109,0.0569491389101627,0,0.0697715893462241,0.0407853689937892,0.0256450520063683,0.261253934735407,0.00545707673674668,0.0141192089229763,0.0406007000086004,0.102376817006991,0.0490800685074463,0.0866007943724083,0.127010360906138,0.0622657316331808
"t__d__Bacteria;p__Actinobacteriota;c__Actinomycetia;o__Actinomycetales;f__Bifidobacteriaceae;g__Bifidobacterium;s__Bifidobacterium longum",0.101550849687731,0.0792963415221865,0.204750974604799,0.0342214773828534,0.225846834686792,0.0531832587335948,0.0417981544260101,0.197562890959073,0.0624233210351461,0.0840653091403089,0.0808413582800344,0.0285530198198032,0.118475718689297,0.102694065672832,0.0835659459714035,0.099921968040791
"t__d__Bacteria;p__Actinobacteriota;c__Actinomycetia;o__Actinomycetales;f__Bifidobacteriaceae;g__Bifidobacterium;s__Bifidobacterium minimum",0.0442004367959459,0,0.0391665471595618,0.0166483331351513,0.0827326074298613,0.123358749238416,0.0117492865874728,0.148472892366102,0.0383814397151183,0.00957234503252632,0.0297463330074524,0.075146860239939,0.0369802625879595,0.0371867923730194,0.0540348841972345,0.0498251846577174
"t__d__Bacteria;p__Actinobacteriota;c__Actinomycetia;o__Actinomycetales;f__Bifidobacteriaceae;g__Bifidobacterium;s__Bifidobacterium myosotis",0.0182177369498599,0.039079114260731,0.0306725529530222,0.0485916341261831,0.102746566177174,0.0641952375643145,0.00933321280865092,0.101010049292361,0.0295572663558221,0.15145140500549,0.111646043781844,0.0914508732300924,0.0999044883943938,0.0826218399563636,0.0885992210503618,0.071271816127111
"t__d__Bacteria;p__Actinobacteriota;c__Actinomycetia;o__Actinomycetales;f__Bifidobacteriaceae;g__Bifidobacterium;s__Bifidobacterium parmae",0.0164175903559032,0.0219074738305233,0.117622716152263,0.0472735470082257,0.0499569134140142,0.0203896400395588,0.00846208244094127,0.0818263686945901,0.0073418117577683,0.0547953094659945,0.0349250973683159,0.0561520842051594,0.0554554681652702,0.117804856887815,0.0962664802625582,0.0524398293365934
"t__d__Bacteria;p__Actinobacteriota;c__Actinomycetia;o__Actinomycetales;f__Bifidobacteriaceae;g__Bifidobacterium;s__Bifidobacterium pullorum_B",0.0475001173776882,0.00309942374506713,0.0874480587909652,0.0216626849123318,0.0501318737836166,0.114831792922376,0.0111044412000808,0.217572280633854,0.0595919861868262,0.0229800214810533,0.0753835792485326,0.0402144423028232,0.0462957129556042,0.0501281864732434,0.139677630950392,0.0658414821976303
"t__d__Bacteria;p__Actinobacteriota;c__Actinomycetia;o__Actinomycetales;f__Bifidobacteriaceae;g__Bifidobacterium;s__Bifidobacterium pullorum_C",0.00326237029446383,0.007935637558084,0.103238236148637,0.109394042408546,0.0290148543959219,0.0724330384532729,0.0808893154674266,0.12592337056306,0.0783132764677825,0.0387526113586196,0.165494820038428,0.0161811435608655,0.0506238802332746,0.0468351277870803,0.0704791466608568,0.0665847247597546
"t__d__Bacteria;p__Actinobacteriota;c__Actinomycetia;o__Actinomycetales;f__Bifidobacteriaceae;g__Bifidobacterium;s__Bifidobacterium ramosum",0.00736124579263634,0.0583324412482919,0.0607225863089081,0.0103059941404209,0.138826497194923,0.0793104761210505,0.0609799201575067,0.0800519270523277,0.0405503873715642,0.0252773023221546,0.0898670095571841,0,0.0823718922284351,0.065583596859677,0.0777120314182174,0.0584835538515531
"t__d__Bacteria;p__Actinobacteriota;c__Actinomycetia;o__Actinomycetales;f__Bifidobacteriaceae;g__Bifidobacterium;s__Bifidobacterium saguini",0.0633841876977018,0.0262254553202476,0.0473330249794441,0.0445634868813939,0.0295443316907728,0.0371458659519515,0.0187999408250143,0.26791172951744,0.00602758930467929,0.0280332961666842,0.0597315676124474,0.116295752869604,0.0679444997772619,0.159720100791841,0.00588840563366225,0.0652366156680097
"t__d__Bacteria;p__Actinobacteriota;c__Actinomycetia;o__Actinomycetales;f__Bifidobacteriaceae;g__Bifidobacterium;s__Bifidobacterium scaligerum",0.0328615124206535,0.0259661796707809,0.0636719480606002,0.0532196518454881,0.0460143564319013,0.0565191657617797,0.0429673651276688,0.124315576665226,0.0219528505963702,0.104997172834756,0.0248215462452111,0.0482563241456106,0.0372454256277927,0.122259416103643,0.1495864783335,0.0636436646580655
"t__d__Bacteria;p__Actinobacteriota;c__Actinomycetia;o__Actinomycetales;f__Bifidobacteriaceae;g__Bifidobacterium;s__Bifidobacterium sp012932375",0.0494614348903446,0.0886148057793887,0.139739153381726,0.0334253187145236,0.174763138582896,0.0590486052704758,0.136898563267078,0.0783309589794938,0.0674653728723378,0.0298182180531708,0.154804530865411,0.0312095327214363,0.0667880050285243,0.0714517433088075,0.131222951050116,0.0875361555177154
"t__d__Bacteria;p__Actinobacteriota;c__Actinomycetia;o__Actinomycetales;f__Bifidobacteriaceae;g__Bifidobacterium;s__Bifidobacterium sp012932425",0.0494303142975044,0.0346410191428616,0.133856995347275,0.212431503077993,0.106334760913543,0.0922898269207656,0.0813766617360149,0.313019878770333,0.0403120170566702,0.0312151780165696,0.129023305477325,0.0479108081649639,0.0887747428136552,0.0236933783678146,0.0915956890480066,0.0983937386100864
"t__d__Bacteria;p__Actinobacteriota;c__Actinomycetia;o__Actinomycetales;f__Bifidobacteriaceae;g__Bifidobacterium;s__Bifidobacterium sp012932445",0.0735492046918865,0.0294613513073555,0.0820070720550218,0.038215285730985,0.0127794853434807,0.0508057482470166,0.0241677962013807,0.125113108722243,0.0260947043061368,0.0313016688062038,0.0338097569171566,0.0463541324952572,0.034101851340999,0.0266718574770342,0.0365459959264866,0.0447319346379096
"t__d__Bacteria;p__Actinobacteriota;c__Actinomycetia;o__Actinomycetales;f__Bifidobacteriaceae;g__Bifidobacterium;s__Bifidobacterium sp018555385",0.0219334657828185,0.0391002969362462,0,0.00695693348817282,0.0791618491134736,0.045788966340747,0.0370647406939538,0.140097156449262,0.0462719548441776,0.0810205700789319,0.0121948901474753,0.062573184574059,0.0678602342865995,0.0738193205517988,0.0189299479871642,0.0488515674183253
"t__d__Bacteria;p__Actinobacteriota;c__Actinomycetia;o__Actinomycetales;f__Bifidobacteriaceae;g__Bifidobacterium;s__Bifidobacterium thermophilum_A",0.0213899672961379,0,0.0311898450537604,0.0127205413390338,0.0169340678416403,0.0362916747085017,0.0161797596225116,0.17345779378201,0.0577856856227708,0,0.0117491609608283,0.0523839108614396,0.0393247394071305,0.0617623924661302,0.0692822329516213,0.0400301181275678
"t__d__Bacteria;p__Actinobacteriota;c__Actinomycetia;o__Actinomycetales;f__Bifidobacteriaceae;g__Galliscardovia",0.0181854119749443,0.0442981005977673,0.0503121326119982,0.0984837075225245,0.0337963624409133,0.0355883680148677,0.0436806503311386,0.181932727175751,0.0686183410612477,0.0613337130294314,0.121702149078666,0.0816598953808844,0.0597653961197048,0.134101470531149,0.0380108851164635,0.0714312873991634
"t__d__Bacteria;p__Actinobacteriota;c__Actinomycetia;o__Actinomycetales;f__Bifidobacteriaceae;g__Parascardovia",0.0593757731268163,0.0273780094299449,0.0695538458450345,0.0533209536651662,0.0205172825984325,0.0787866930588368,0.0302838814417868,0.0767388046888593,0.0687112178807178,0.0167846236315354,0.0493241672029293,0.00633619516278102,0.0747244521911528,0.0219625069613195,0.235095978148782,0.0592596256689397
"t__d__Bacteria;p__Actinobacteriota;c__Actinomycetia;o__Actinomycetales;f__Bifidobacteriaceae;g__Parascardovia;s__Parascardovia denticolens",0.0433372766541291,0.00784080411698529,0.00746377302448977,0.0536201282005752,0.0401036330863313,0.104257203094067,0.0345967484645726,0.265711012990673,0.124273627321312,0.10110229147209,0.0493773233913562,0.10908518616659,0.0769317924418039,0.0586685934650127,0.143555775498043,0.0813283446258687
"t__d__Bacteria;p__Actinobacteriota;c__Actinomycetia;o__Actinomycetales;f__Micrococcaceae;g__Arthrobacter_F;s__Arthrobacter_F mobilis",0,0.0100830612219331,0.0274181080582949,0,0.0132296720172557,0.0292437371979616,0.0447748013804957,0.0893243415810203,0,0.114006492368393,0.0513874243290263,0,0.0442340765168521,0.00701392469281966,0.0917770468979414,0.0348328457507996
"t__d__Bacteria;p__Actinobacteriota;c__Actinomycetia;o__Actinomycetales;f__Micrococcaceae;g__Rothia",0.0383292126931902,0.0219175069586654,0.120014792506222,0.082323375172219,0.057371440272648,0.0951173492954911,0.0548365688972407,0.183293529593634,0.0169079999453188,0.0480265175634839,0.110456315241222,0.102000422373307,0.0797836373204192,0.0890003334408953,0.0914424021899291,0.0793880935642591
"t__d__Bacteria;p__Actinobacteriota;c__Actinomycetia;o__Actinomycetales;f__Micrococcaceae;g__Rothia;s__Rothia aeria",0.0144994235309504,0.0141015157521346,0.064282288048051,0.0219252186092418,0.0458208924120431,0.0664950436935072,0.0268133832950027,0.13400361081328,0.112481213861071,0.0616274352144128,0.0381267195760399,0.0758269707012121,0.00425517142438236,0.0201035811995819,0.0357720642244982,0.0490756354903606
"t__d__Bacteria;p__Actinobacteriota;c__Actinomycetia;o__Actinomycetales;f__Micrococcaceae;g__Rothia;s__Rothia dentocariosa",0.0126869955895816,0.0122101230166506,0.0400434490753678,0.0492280596089021,0.0285433880173484,0.0414139567717756,0.00400919615315948,0.239405555826232,0.0869545809931048,0.0293551914330807,0.0892324066317656,0.0419191824678961,0.0395305645971812,0.0753522054033147,0.0604770141823443,0.056690791317847
"t__d__Bacteria;p__Actinobacteriota;c__Actinomycetia;o__Actinomycetales;f__Micrococcaceae;g__Rothia;s__Rothia mucilaginosa",0.0772657054660931,0.0330101729765114,0.063332890505126,0.102197283080135,0.0412836055241556,0.0525179823963902,0.0632774704750721,0.203261640096687,0.0503764291467497,0.139142424974697,0.124426507765856,0.0519136040919259,0.0692354843823025,0.0694781464963809,0.109550864881474,0.0833513474839704
"t__d__Bacteria;p__Actinobacteriota;c__Actinomycetia;o__Actinomycetales;f__Micrococcaceae;g__Rothia;s__Rothia mucilaginosa_A",0.0424282143223623,0.017277400812218,0.0322719328868414,0.0291113263519806,0.0184352742292337,0.0604357696213746,0.03002015016972,0.286245510138722,0.0462449313651601,0.0833637262677597,0,0.0145204472480399,0.0554578792618503,0.109565415675252,0.0374454925833149,0.057521564728922
"t__d__Bacteria;p__Actinobacteriota;c__Actinomycetia;o__Actinomycetales;f__Micrococcaceae;g__Rothia;s__Rothia mucilaginosa_B",0.0496387051935131,0.0193359021127373,0.0659279065905817,0.123445637067076,0.0479701206676626,0.148204656507523,0.0325126985370161,0.207726851071276,0.0799887835158117,0.122158626174022,0.0286607514324952,0.142399465521843,0.0581306937967786,0.0498243632068802,0.107275477142341,0.0855467092358372
"t__d__Bacteria;p__Actinobacteriota;c__Actinomycetia;o__Actinomycetales;f__Micrococcaceae;g__Rothia;s__Rothia sp001808955",0.0488058216599051,0.0232192261380686,0.0936235160347493,0.0571100458346036,0.0308777640729481,0.0382595429243499,0.028566131038295,0.294475031929205,0.0292244399167915,0.036072780928627,0.0237845423941722,0.111264298940421,0.0704431364584621,0.0684692865845152,0.123294923670147,0.0718326992350173
"t__d__Bacteria;p__Actinobacteriota;c__Actinomycetia;o__Actinomycetales;f__Micrococcaceae;g__Rothia;s__Rothia sp015265375",0.031944441211329,0.0875659349354598,0.0729748653798752,0.120512935590158,0.0124569876597074,0.0447711190013974,0.0605953929468613,0.384944532455437,0.101872025206798,0.207938563539504,0.167510126118296,0.0875801197775245,0.137918343539626,0.175875044741431,0.0600809284127626,0.116969424034411
"t__d__Bacteria;p__Actinobacteriota;c__Actinomycetia;o__Actinomycetales;f__Micrococcaceae;g__Rothia;s__Rothia sp902373285",0.0277769077012346,0.0122686804419384,0.0132831161325995,0.0480569227466716,0.057126849036227,0.0580017293658651,0.0358259124820297,0.328647569076075,0.0405189260131709,0.0975495220030604,0.0174246031198725,0.177552171072456,0.0455070565678911,0.124845324128268,0.100101479170847,0.0789657846038804
"t__d__Bacteria;p__Actinobacteriota;c__Actinomycetia;o__Mycobacteriales;f__Micromonosporaceae;g__Actinoplanes",0.0529517864159541,0.0296364050682179,0.0768009264616959,0.0223868055421763,0.0384982714820834,0.172220012455595,0.0663630134356488,0.212090084451126,0.0330961598386025,0.21683847326978,0.0715007548882174,0.0630298213424774,0.117916834888553,0.0840799265286621,0.132831427945404,0.0926827136009462
"t__d__Bacteria;p__Actinobacteriota;c__Actinomycetia;o__Mycobacteriales;f__Micromonosporaceae;g__Actinoplanes;s__Actinoplanes endophyticus",0.0375942639473461,0.0384378454390208,0.207592137763902,0.0376972180761255,0.0385558884215413,0.0987050896794165,0.00644335096043489,0.191174017974747,0.0115561625013459,0.166003060460541,0.0781459229926491,0.00528016263565085,0.0606287956725521,0.0585603195629067,0.0528561809834921,0.0726153611381115
"t__d__Bacteria;p__Actinobacteriota;c__Actinomycetia;o__Mycobacteriales;f__Mycobacteriaceae;g__Mycobacterium;s__Mycobacterium goodii",0.0236142086068551,0.0193723107310482,0.0497105327989084,0.0120067370158105,0.00565754897458989,0.0298533632368202,0.0408630969977605,0.0908002540542465,0.0467557198145695,0.0256935246587862,0.0646226954990275,0.00704021684753447,0.0104822515576249,0.0384291805243763,0.0189349844873748,0.0322557750536889
"t__d__Bacteria;p__Actinobacteriota;c__Actinomycetia;o__Propionibacteriales;f__Propionibacteriaceae;g__Cutibacterium",0.0213589901810904,0.0202287243899542,0.0968509093015188,0.03712731080411,0.0344968803289289,0.0609840758454899,0.0316731802529473,0.194783384051665,0.0360347486755862,0.047271223358677,0.0510226636145358,0.048554832730372,0,0.0358337593546241,0.0226616596123085,0.0492588228334539
"t__d__Bacteria;p__Actinobacteriota;c__Actinomycetia;o__Propionibacteriales;f__Propionibacteriaceae;g__Propionibacterium",0.0254355823451361,0,0.119170341682118,0.040108986739412,0.0103045557783702,0.0224210743416537,0.0453880904696048,0.258075240356159,0.0245394216987038,0.0123525481853556,0.0870829001951023,0.289688099216936,0.038597840671851,0.0649842910526818,0.0390493130078486,0.0718132190493955
"t__d__Bacteria;p__Actinobacteriota;c__Actinomycetia;o__Propionibacteriales;f__Propionibacteriaceae;g__Propionibacterium;s__Propionibacterium acidifaciens",0.0240213173063969,0.0196108428806373,0.108066775710019,0.119033495606548,0.0186557481785716,0.049935318282149,0.0457442216456789,0.0573990127150189,0,0.124894853111434,0.0200041461098164,0.0632132643173538,0.00574448142291619,0.0281011075377568,0.0469587268410805,0.0487588874443584
"t__d__Bacteria;p__Actinobacteriota;c__Coriobacteriia;o__Coriobacteriales;f__Atopobiaceae;g__Lancefieldella",0.0878392401136016,0.0131797099115986,0.315831952239485,0.169928543586315,0.0654411758370637,0.0761451041632685,0.0974240306534219,0.187610202543238,0.0712626497126868,0.0247582363239184,0.0138170550806489,0.161969234890088,0.0843905589754323,0.0648806603867789,0.127543001658952,0.104134757071767
"t__d__Bacteria;p__Actinobacteriota;c__Coriobacteriia;o__Coriobacteriales;f__Atopobiaceae;g__Lancefieldella;s__Lancefieldella parvula",0.0309596290181214,0.0409934620598963,0.151076638968884,0.0766193072836176,0.0424690033706957,0.0494264813286761,0.0199822192188944,0.395444277493551,0.0447634221051467,0.0682056375838484,0.113575201395287,0.120112295902293,0.0807662768226285,0.0856200423369211,0.147075068329076,0.0978059308811691
"t__d__Bacteria;p__Actinobacteriota;c__Coriobacteriia;o__Coriobacteriales;f__Atopobiaceae;g__Lancefieldella;s__Lancefieldella sp000564995",0.0539514219727502,0.012375424830297,0.107270373051572,0.0557358501714015,0.0138667766156297,0.082314354368546,0.0645391263659614,0.244984370817429,0.0395955126877323,0.121115011535661,0,0.051598367619749,0.0897370524109028,0.0775227381115506,0.0491258720915045,0.0709154835100458
"t__d__Bacteria;p__Actinobacteriota;c__Coriobacteriia;o__Coriobacteriales;f__Atopobiaceae;g__Lancefieldella;s__Lancefieldella sp015258605",0.0325368876979348,0.0640047224749311,0.0501382066622725,0.0485797844785072,0,0.0436902022927709,0.0785700944857096,0.182858809797384,0.0220708436908421,0.0311698212498315,0.0776885337661866,0.283378072366089,0.0121018221686706,0.0434667495352514,0.0429337568011246,0.0675458871645004
"t__d__Bacteria;p__Actinobacteriota;c__Coriobacteriia;o__Coriobacteriales;f__Atopobiaceae;g__Lancefieldella;s__Lancefieldella sp015258715",0.0494696239500748,0.0707652264184982,0.0871197720938452,0.14151138092162,0.0180703757184214,0.0701420138790583,0.100331463833026,0.49667374261563,0.11888451143891,0.0853565626371503,0.109102663396678,0.105340475117244,0.0187606545795644,0.0943568073671454,0.0897778758815658,0.110377543323229
"t__d__Bacteria;p__Actinobacteriota;c__Coriobacteriia;o__Coriobacteriales;f__Atopobiaceae;g__Lancefieldella;s__Lancefieldella sp015259035",0.0522034505430546,0.030617868595961,0.195070592156551,0.0491200112628335,0.0303348228006149,0.0228064365569008,0.0464829447423353,0.0754161033285079,0.0336317618146166,0.113010235756706,0.0399321238830134,0.235439724574271,0.0445147096277553,0.0458744861514308,0.110875871099163,0.0750220761929144
"t__d__Bacteria;p__Actinobacteriota;c__Coriobacteriia;o__Coriobacteriales;f__Atopobiaceae;g__Lancefieldella;s__Lancefieldella sp015259045",0.153739431384832,0.0248615530979548,0.350484818737345,0.181149856127299,0.030418072493644,0.0586237105503718,0.0705819880476,0.345947044423042,0.114162571805695,0.0709780162261796,0.251250300979649,0.172669711690071,0.0941780670281981,0.0437065165812395,0.114280690808078,0.13846882333208
"t__d__Bacteria;p__Actinobacteriota;c__Coriobacteriia;o__Coriobacteriales;f__Atopobiaceae;g__Lancefieldella;s__Lancefieldella sp015259105",0.110823621745097,0.0313811535556203,0.181704842314147,0.0762990402732409,0.0173568571983532,0.132650476650177,0.0776161403019784,0.167153908119169,0.134511705210618,0.0235885174354264,0.143860368465174,0.100799248577807,0.0420957823294616,0.0289571684627314,0.109889697615011,0.0919125685502676
"t__d__Bacteria;p__Actinobacteriota;c__Coriobacteriia;o__Coriobacteriales;f__Atopobiaceae;g__Lancefieldella;s__Lancefieldella sp900555335",0.089402700889746,0.0489004772570974,0.153663237209179,0.0214968026237098,0.0327723233421402,0.131869707282371,0.0270007951636153,0.266300256961946,0.161639223312008,0.031747286186142,0,0.0482427373726943,0.064308892461669,0.0932168106181734,0.144351663569205,0.0876608609499798
"t__d__Bacteria;p__Actinobacteriota;c__Coriobacteriia;o__Coriobacteriales;f__Atopobiaceae;g__Lancefieldella;s__Lancefieldella sp902373375",0.145041929168706,0.0230523451676613,0.212767308588839,0.0368784368012826,0.0779979670522451,0.105559292781197,0.0390391264073408,0.271859090450702,0.0331682460405009,0.0253893907583988,0.130341133815612,0.192585088452588,0.00851034284876473,0.0591085178731761,0.100046325508345,0.0974229694476906
"t__d__Bacteria;p__Actinobacteriota;c__Coriobacteriia;o__Coriobacteriales;f__Atopobiaceae;g__Thermophilibacter",0.0992407258653296,0.0467845808821011,0.102183305896556,0.00549398820826031,0.0441873361387568,0.0621822418406928,0.0580984945309074,0.221607527928025,0.0586959877412243,0.024139659260042,0.0394065731103937,0.0688367343916021,0.0397620638871864,0.0416882587368896,0.120555665627527,0.0688575429363663
"t__d__Bacteria;p__Actinobacteriota;c__Coriobacteriia;o__Coriobacteriales;f__Atopobiaceae;g__Tractidigestivibacter;s__Tractidigestivibacter sp000752675",0.0126089455012129,0.00758097193132396,0.0362428781699281,0.0477650098715023,0.0163986523067943,0.00691850293971028,0,0.231267806006302,0.0697711581548655,0.0372258326763466,0.020518046946227,0.00371261435319201,0.011842996257404,0.0195657230559097,0,0.0347612758780479
"t__d__Bacteria;p__Actinobacteriota;c__Coriobacteriia;o__Coriobacteriales;f__Atopobiaceae;g__Tractidigestivibacter;s__Tractidigestivibacter sp902834555",0.0279803428650551,0.00954102058866842,0.0548703214396651,0.01938525581148,0.0165275939011148,0,0.00104704453107067,0.0494235676730814,0.0257432121136459,0.0814227310183621,0.0349322521342723,0.0479271692877704,0.0337377292009588,0.0419571209636648,0.0375545374778459,0.0321366599337771
"t__d__Bacteria;p__Actinobacteriota;c__Coriobacteriia;o__Coriobacteriales;f__Coriobacteriaceae;g__Collinsella;s__Collinsella aerofaciens",0,0.0604395866984526,0.0342704571996388,0.0169430776704,0.0086775206554696,0.0994734288262004,0.056005297902728,0.169595345821827,0.0284383585934312,0.0335639706076789,0.0563529825540521,0.0909048235515693,0.0866069190438663,0.0104886610083054,0.22782086153139,0.065305419444334
"t__d__Bacteria;p__Actinobacteriota;c__Coriobacteriia;o__Coriobacteriales;f__Coriobacteriaceae;g__Collinsella;s__Collinsella aerofaciens_AA",0.0251416436207843,0.120383590735685,0.157550344257385,0.0614964307989059,0.00652508877413243,0.0454256357608897,0.0116189804373721,0.199284159196789,0.0467865998931003,0,0.0427132824414991,0.0752171246714367,0.0337993077280485,0.0252543795805167,0.20781357130762,0.0706006759469443
"t__d__Bacteria;p__Actinobacteriota;c__Coriobacteriia;o__Coriobacteriales;f__Coriobacteriaceae;g__Collinsella;s__Collinsella aerofaciens_E",0.0225208749274903,0.0520267559292772,0.059842483103911,0.0379846152216376,0.00406758780725138,0.0526814950842631,0.00360827653784354,0.214494133795379,0.00771707821358117,0.0756384030169719,0.0601132043997982,0.0938357437879057,0.031711746294949,0.0285546089690549,0.0827859940846805,0.0551722000782663
"t__d__Bacteria;p__Actinobacteriota;c__Coriobacteriia;o__Coriobacteriales;f__Coriobacteriaceae;g__Collinsella;s__Collinsella aerofaciens_H",0.00699383958551724,0.0391499649007542,0.00829308113832196,0.0926807040608313,0.0228808961712938,0.042869904721611,0.0448171570494968,0.210189844699692,0,0.0988562513512268,0.0579222818948536,0.165590647520737,0.0852570851895743,0.0216649120160442,0.241687156536355,0.0759235817890873
"t__d__Bacteria;p__Actinobacteriota;c__Coriobacteriia;o__Coriobacteriales;f__Coriobacteriaceae;g__Collinsella;s__Collinsella aerofaciens_I",0,0.00723952206009255,0.0343096613951149,0.0103059941404209,0.0719886918694082,0.0233130311436911,0,0.110090623277272,0.0330122744698458,0.0215377763231842,0.0426181650973507,0.047531521173497,0.0271859925370039,0.0453284753957157,0.0975057842499197,0.0381311675421678
"t__d__Bacteria;p__Actinobacteriota;c__Coriobacteriia;o__Coriobacteriales;f__Coriobacteriaceae;g__Collinsella;s__Collinsella aerofaciens_L",0.0114638717040029,0.0513076566779857,0.129029632667579,0.0726561285212712,0.031544990859361,0.0750940564897302,0.0983308070883773,0.20844925270753,0.0121741057786024,0.0113127714020766,0.0546730277121545,0.120860501395017,0.0894011395667107,0.0486782003885766,0.104514104562186,0.0746326831680774
"t__d__Bacteria;p__Actinobacteriota;c__Coriobacteriia;o__Coriobacteriales;f__Coriobacteriaceae;g__Collinsella;s__Collinsella aerofaciens_M",0.0880182039225302,0.0858074207928085,0.13455242819809,0.148809788405069,0.0597798047583598,0.0267395565090214,0.0155941025373932,0.154073769938054,0.056142060041438,0.0292566700074353,0.030717103669992,0.125407754430671,0.113304447989949,0.00749939262093837,0.167681821397321,0.082892288347938
"t__d__Bacteria;p__Actinobacteriota;c__Coriobacteriia;o__Coriobacteriales;f__Coriobacteriaceae;g__Collinsella;s__Collinsella aerofaciens_N",0.0130595579972977,0.040112513566248,0.0367255596236301,0.00568686613604305,0.035349592454424,0.0362910460644442,0.0387327853313438,0.231582652875339,0.0589550548217868,0.028051216743502,0.0231569653699685,0.0253447806511241,0.0368654881439793,0.0364354821037335,0.0787869418718454,0.0483424335836473
"t__d__Bacteria;p__Actinobacteriota;c__Coriobacteriia;o__Coriobacteriales;f__Coriobacteriaceae;g__Collinsella;s__Collinsella aerofaciens_O",0.0210289236970752,0.0280576894732365,0.116435252311332,0.0526806665095686,0.0559185253941166,0.0151378080937745,0.031600053407568,0.0461025275767194,0.082191706865592,0.031546838447725,0.016858990618802,0.079579424030437,0.064094552091159,0.0309959487926119,0.128258952673653,0.0533658573322247
"t__d__Bacteria;p__Actinobacteriota;c__Coriobacteriia;o__Coriobacteriales;f__Coriobacteriaceae;g__Collinsella;s__Collinsella aerofaciens_P",0.0104085147490037,0.0488430469065538,0.0911817930924757,0.0482077598766958,0.00496342559813412,0.00770724430494345,0.0152777921988073,0.185491535366936,0.0635063509376759,0.0247641169049615,0.0331965956982925,0.0895240401145559,0.0881699503862617,0.0954847179596781,0.0785982918877775,0.0590216783988502
"t__d__Bacteria;p__Actinobacteriota;c__Coriobacteriia;o__Coriobacteriales;f__Coriobacteriaceae;g__Collinsella;s__Collinsella aerofaciens_R",0.0278403331745536,0.0159148032871109,0.104339569712484,0.049639044820688,0.014210240116482,0.0626550310750786,0.00541241480676531,0.382872581857045,0.0130450152408939,0.0205646200766819,0.00501488577596331,0.00762690158482902,0.0335385166724339,0.0486387856613243,0.0400701303549794,0.0554255249478209
"t__d__Bacteria;p__Actinobacteriota;c__Coriobacteriia;o__Coriobacteriales;f__Coriobacteriaceae;g__Collinsella;s__Collinsella aerofaciens_T",0.0609879823388294,0.00625807048593646,0.0244907121957082,0.00989375437480404,0.0148297472139373,0.00490461001223674,0.0191162349070214,0.214250489533218,0.0787926052061167,0.0961452524720327,0.0404540621415806,0.0265234256505248,0.0886943698424579,0.0373212809366402,0.0838976328694638,0.0537706820120339
"t__d__Bacteria;p__Actinobacteriota;c__Coriobacteriia;o__Coriobacteriales;f__Coriobacteriaceae;g__Collinsella;s__Collinsella aerofaciens_V",0.0529009269091786,0.214210126093052,0.213152539736153,0.337184005340111,0.0725978222683907,0.10240410484333,0.119276353595104,0.318128935026735,0.296624697103101,0.233384084624712,0.257545924727766,0.275262041147619,0.361508859927461,0.187287826775574,0.432315721134351,0.231585597950176
"t__d__Bacteria;p__Actinobacteriota;c__Coriobacteriia;o__Coriobacteriales;f__Coriobacteriaceae;g__Collinsella;s__Collinsella aerofaciens_W",0.043454892367149,0.0688009822295241,0.0551545408114068,0.128930699852146,0.0965853420760352,0.040064893670548,0.0187846288745661,0.260133682386017,0.10353876990448,0.246744808497343,0.0227477551302708,0.106696727941955,0.0930488840717347,0.0541913006782221,0.355091053678516,0.112931264144661
"t__d__Bacteria;p__Actinobacteriota;c__Coriobacteriia;o__Coriobacteriales;f__Coriobacteriaceae;g__Collinsella;s__Collinsella aerofaciens_Y",0.0497137794482213,0,0.101446479782793,0.0326638160617227,0.0425810991771624,0,0.0116652188071737,0.256686629325359,0.00591183313147557,0.0224351836699836,0.101405267358778,0.0821595564024829,0.0870024664047223,0.0621583391713205,0.201690408825715,0.0705013385044606
"t__d__Bacteria;p__Actinobacteriota;c__Coriobacteriia;o__Coriobacteriales;f__Coriobacteriaceae;g__Collinsella;s__Collinsella aerofaciens_Z",0.0517924945888893,0.0105662173127288,0.0694564534959764,0.0538515443366535,0.00954106949010546,0.0613948070310936,0.0452173626851795,0.313395587822839,0.0180145544548285,0,0.0308906038357939,0.101439210334074,0,0.0292423678989433,0.0144554585359708,0.0539505154548717
"t__d__Bacteria;p__Actinobacteriota;c__Coriobacteriia;o__Coriobacteriales;f__Coriobacteriaceae;g__Collinsella;s__Collinsella bouchesdurhonensis",0.0260667587979462,0.0596500683610763,0.174364598047799,0.0249838994793571,0.026246480119978,0.0660530968656484,0.00842812334175175,0.0210040395107103,0.087167878508145,0.0431135659911335,0.0929792359303137,0.158343806641733,0.00623769447437869,0.0439988567413804,0.112426174829076,0.0634042851760284
"t__d__Bacteria;p__Actinobacteriota;c__Coriobacteriia;o__Coriobacteriales;f__Coriobacteriaceae;g__Collinsella;s__Collinsella sp000434535",0.0105450352952366,0.0179348803553665,0.0825723705265317,0.032990086401523,0,0.00793608843569874,0.0266906338019897,0.155135354563678,0.0563473810693637,0.0140338610913926,0.0160244564395802,0.0297449161808331,0.0501177964984706,0,0.0892889761813537,0.0392907891227346
"t__d__Bacteria;p__Actinobacteriota;c__Coriobacteriia;o__Coriobacteriales;f__Coriobacteriaceae;g__Collinsella;s__Collinsella sp000763055",0.0501128634543156,0.00314642851777259,0.086915222805839,0.0686370602940174,0.0176226233890108,0.050579780377627,0.0308192569383976,0.0814724229776357,0.0774781916005632,0.0442150671748127,0.0671335392446274,0.0268702194610846,0.0116901584512244,0.0716532092538394,0.0720274032020614,0.0506915631428553
"t__d__Bacteria;p__Actinobacteriota;c__Coriobacteriia;o__Coriobacteriales;f__Coriobacteriaceae;g__Collinsella;s__Collinsella sp002232035",0.0572228865126734,0,0.0569023091079022,0,0.0549713696960544,0.0215529359339722,0.0300550150520795,0.245343537707636,0.0335189418704572,0.0689137524457302,0.0488093852377985,0.0238842395761271,0.0428811324517827,0.0206233297075805,0.104929034180928,0.0539738579653815
"t__d__Bacteria;p__Actinobacteriota;c__Coriobacteriia;o__Coriobacteriales;f__Coriobacteriaceae;g__Collinsella;s__Collinsella sp002391315",0.0103322515473149,0.00296382395622044,0.230221992336444,0.0402716830317833,0.0195858589989786,0.136105267355545,0.0242004157585903,0.313306277597213,0.0422436977124064,0.0543737197111407,0.114558312819458,0.111395239096521,0.061453845216597,0.00695522937588246,0.22851865205578,0.0930990844379917
"t__d__Bacteria;p__Actinobacteriota;c__Coriobacteriia;o__Coriobacteriales;f__Coriobacteriaceae;g__Collinsella;s__Collinsella sp003459245",0.0557762744690266,0.0583964510415742,0.233457479660546,0.0606654999434989,0.0335972068092152,0.0841950960414677,0.117228063668971,0.234475032596537,0.0364984254253618,0.261892963140216,0.174600124256952,0.0480193728498929,0.0298536327561185,0.0655787966012947,0.110093311195755,0.106955182030429
"t__d__Bacteria;p__Actinobacteriota;c__Coriobacteriia;o__Coriobacteriales;f__Coriobacteriaceae;g__Collinsella;s__Collinsella sp003466125",0.0441645505992575,0.0225726530676486,0.110732793111223,0.0421037849815991,0.0426101107120086,0.040796953183802,0.0513125144662129,0.260551912399987,0.141386172220901,0.16154709586062,0.0181491104272958,0.188319404210606,0.0847122723849003,0.0786116210712978,0.0236908523269589,0.0874174534016213
"t__d__Bacteria;p__Actinobacteriota;c__Coriobacteriia;o__Coriobacteriales;f__Coriobacteriaceae;g__Collinsella;s__Collinsella sp003471585",0.0475863302962811,0.0254272186174885,0.0223913190734693,0.0281005386320854,0,0.00551768626376633,0.0478921722271262,0.0946385021165849,0.0426334114821787,0.0368576728592136,0.0234881695554945,0.0555238300194737,0.0187738715863415,0.0902365990880583,0.175658628129498,0.0476483966631374
"t__d__Bacteria;p__Actinobacteriota;c__Coriobacteriia;o__Coriobacteriales;f__Coriobacteriaceae;g__Collinsella;s__Collinsella sp014871605",0.046743402779581,0.0342787981120795,0.102919899644434,0.0463105612950408,0.080896910063392,0.0282404699306127,0.0312942082996779,0.147891702481505,0.0288296606075003,0.101101371500877,0.0543679560605958,0.153698363371538,0.100935990164617,0.0454073908676652,0.170838615720782,0.0782503533933266
"t__d__Bacteria;p__Actinobacteriota;c__Coriobacteriia;o__Coriobacteriales;f__Coriobacteriaceae;g__Collinsella;s__Collinsella sp018380015",0.0487296312903156,0.0531041482032903,0.102968239451057,0.0389932092762567,0.00483026052111101,0.0170026480424207,0.0513779308379559,0.20193119984674,0.107286257702885,0.0451954282233633,0.0893047177111349,0.0365772246281572,0.00600730083442216,0.10789085357444,0.196448028329353,0.0738431385648602
"t__d__Bacteria;p__Actinobacteriota;c__Coriobacteriia;o__Coriobacteriales;f__Coriobacteriaceae;g__Collinsella;s__Collinsella sp900540855",0.0349224219024297,0,0.178551278398675,0.0776579763239275,0.0131457832445891,0.0498781314464551,0.0344159110391758,0.297062686550183,0.0109141534734934,0.0298936358411603,0.0289201744192545,0.0118803659302144,0.010763080661673,0.0326767793307873,0,0.0540454919041345
"t__d__Bacteria;p__Actinobacteriota;c__Coriobacteriia;o__Coriobacteriales;f__Coriobacteriaceae;g__Collinsella;s__Collinsella sp900540895",0.00425526560147457,0.0471170090574049,0.0401099004618852,0,0.0383912252449305,0.00701913358361813,0.018192474600145,0.386368428698242,0.01588174696355,0.0174810235715609,0.0169252394938762,0.0896507538271204,0.0498984453432595,0.0674853409796622,0.0776800811444708,0.0584304045714134
"t__d__Bacteria;p__Actinobacteriota;c__Coriobacteriia;o__Coriobacteriales;f__Coriobacteriaceae;g__Collinsella;s__Collinsella sp900540905",0.0413731874455879,0.030076001860892,0.168414158682055,0.11942710600579,0.103667021250397,0.13311113278469,0.0438176370327347,0.0786919432968816,0.0362284602612557,0.0909559446215457,0.0179317849640198,0.106818526310667,0.0931382001845674,0.0272384511720926,0.127754454060247,0.0812429339955615
"t__d__Bacteria;p__Actinobacteriota;c__Coriobacteriia;o__Coriobacteriales;f__Coriobacteriaceae;g__Collinsella;s__Collinsella sp900541035",0.0147547243854666,0.00603741917007867,0.0963327418390564,0,0.0311781005406233,0,0.0106744847577871,0.184649643917404,0.0461186328730496,0.070250230501756,0.0469566059434676,0.0356372699585438,0.0253399439251577,0.0059995140967507,0.0317102660527066,0.0403759718641232
"t__d__Bacteria;p__Actinobacteriota;c__Coriobacteriia;o__Coriobacteriales;f__Coriobacteriaceae;g__Collinsella;s__Collinsella sp900541205",0.0395753531841222,0.00803780432042454,0.122772459405982,0.0296861021628534,0.0418594240959424,0.0452074634219705,0.0312559973948413,0.134914954995647,0.022861400697492,0.0571914990528083,0.0597744444878254,0.0894345637672465,0.0921927304346487,0.097739823075604,0.20493439355527,0.0718292276035119
"t__d__Bacteria;p__Actinobacteriota;c__Coriobacteriia;o__Coriobacteriales;f__Coriobacteriaceae;g__Collinsella;s__Collinsella sp900541475",0.0383375238614939,0.0292799260688009,0.175487953280743,0.0415577179968667,0.0497354760481763,0.0145299071612514,0.0354622805761243,0.386253525893713,0.0534429485410445,0.0863508859605297,0.0564184963470733,0.0447541477148131,0.00999965284729856,0.0754680820515538,0.237803767263452,0.0889921527741956
"t__d__Bacteria;p__Actinobacteriota;c__Coriobacteriia;o__Coriobacteriales;f__Coriobacteriaceae;g__Collinsella;s__Collinsella sp900541665",0.0162332003550291,0.0160187628110009,0.0253604243865081,0.0613316953908323,0.0868316994696065,0.0193509158664613,0.0613373244561872,0.281452015722861,0.0489127169584333,0.0434636441866834,0.0783900431122016,0.0134468575298798,0.074569996232653,0.0220014580126194,0.0076979848353114,0.0570932492884179
"t__d__Bacteria;p__Actinobacteriota;c__Coriobacteriia;o__Coriobacteriales;f__Coriobacteriaceae;g__Collinsella;s__Collinsella sp900541695",0,0.032607276201142,0.12854136988508,0.0503268568999525,0.0215323894241006,0.0518138160322154,0.030585119088377,0.180603921561164,0.0236490848398581,0.0107968385572655,0.0220296768015531,0.00594018296510721,0.0827813603668116,0.0686133313601746,0.11359673958153,0.0548945309042888
"t__d__Bacteria;p__Actinobacteriota;c__Coriobacteriia;o__Coriobacteriales;f__Coriobacteriaceae;g__Collinsella;s__Collinsella sp900541745",0.0599266100880749,0.0388336799970863,0.160716415214305,0.00463769736318939,0.0227601987049949,0.0674351853606453,0.0706200620311097,0.194017404173154,0.0359195297782319,0.0457987685067626,0.145630354282294,0.2262429971536,0.0514656273726746,0.11380025204399,0.150925423134872,0.0925820136803323
"t__d__Bacteria;p__Actinobacteriota;c__Coriobacteriia;o__Coriobacteriales;f__Coriobacteriaceae;g__Collinsella;s__Collinsella sp900541885",0.0732803724192779,0.0134279710506492,0.153608010121534,0.171421665925908,0.0404704443448748,0.105392383181452,0.0148113650927809,0.186829523566336,0.0537361024441828,0.0374932162830333,0.0543122904212058,0.103473818253906,0.0785890561970404,0.0354682417770035,0.141950950944231,0.0842843608015612
"t__d__Bacteria;p__Actinobacteriota;c__Coriobacteriia;o__Coriobacteriales;f__Coriobacteriaceae;g__Collinsella;s__Collinsella sp900542085",0,0.0117913274678895,0.0239758899338272,0.0106976219177569,0.0112988550201427,0.00688067027803648,0.0343752773739201,0.121436421736845,0.00545707673674668,0.0587261356748634,0.0221587523702173,0.0424714107261333,0.0128082083008165,0.0355353509949997,0.180239919542364,0.0385235278716372
"t__d__Bacteria;p__Actinobacteriota;c__Coriobacteriia;o__Coriobacteriales;f__Coriobacteriaceae;g__Collinsella;s__Collinsella sp900542165",0.0522042640759812,0.00302680746470114,0.0598970136243264,0.0371724476297908,0.0469408322705866,0.0228724601532194,0.0233905614816075,0.159419911447237,0.0238679284457646,0.0636576251552794,0.0816805557785788,0.00594018296510721,0.0175117161335063,0.0568878021951769,0.104572347026743,0.0506028303898404
"t__d__Bacteria;p__Actinobacteriota;c__Coriobacteriia;o__Coriobacteriales;f__Coriobacteriaceae;g__Collinsella;s__Collinsella sp900542175",0.0776469448749697,0.0115259820519684,0.0449406015971923,0.0170718501806294,0.0466966531958271,0.012098038030184,0.0330544227178453,0.175312845933345,0.0168296838114301,0.0743897102606937,0.0850409358708711,0.0690728721188254,0.0456124067934384,0.0447742061912174,0.132391345444146,0.0590972332715055
"t__d__Bacteria;p__Actinobacteriota;c__Coriobacteriia;o__Coriobacteriales;f__Coriobacteriaceae;g__Collinsella;s__Collinsella sp900542275",0.0412252285826865,0.00753585920686731,0.071241516064442,0.114237390608164,0.119260968162787,0.108708783131683,0.0645176861361859,0.343534071104401,0.0835266310863939,0.035799095690621,0.0462604881947524,0.0247665502163146,0.0321907237949437,0.0420254132093105,0.24989292587778,0.0923148887378222
"t__d__Bacteria;p__Actinobacteriota;c__Coriobacteriia;o__Coriobacteriales;f__Coriobacteriaceae;g__Collinsella;s__Collinsella sp900542825",0.0622312844284917,0.0262894801529538,0,0.127279079820881,0.0293852535703053,0.0706665153379148,0.0220311013925785,0.165785361764037,0.0200092813680712,0,0.0176774723602707,0.0835494433793879,0.00994237169350879,0,0.125952577293935,0.0507199481708223
"t__d__Bacteria;p__Actinobacteriota;c__Coriobacteriia;o__Coriobacteriales;f__Coriobacteriaceae;g__Collinsella;s__Collinsella sp900542905",0.101162321092627,0.0558939527049358,0.153045872470819,0.0430396203300874,0.0215143749467681,0.0755585953998974,0.0263182468101464,0.15919732643301,0.0288566228917815,0.0337865994075682,0.0905451708983158,0.132164970379972,0.0682345191238974,0.0451051505708863,0.00662445633787003,0.0694031866532388
"t__d__Bacteria;p__Actinobacteriota;c__Coriobacteriia;o__Coriobacteriales;f__Coriobacteriaceae;g__Collinsella;s__Collinsella sp900543615",0.0506799869079055,0.024387085360758,0.0809786940933314,0.0294941963400146,0.0177956966567248,0.0701852723994088,0,0.271261834412245,0.0426129021687126,0.118282125995091,0.113807823668311,0.0871588701523562,0.0726584862997707,0.0790073934670069,0.0742135674218693,0.075501595689567
"t__d__Bacteria;p__Actinobacteriota;c__Coriobacteriia;o__Coriobacteriales;f__Coriobacteriaceae;g__Collinsella;s__Collinsella sp900544065",0.0661173043076557,0.0197193614657435,0.344013112244976,0.0269183605213758,0.046620152031773,0.0472393447081912,0.0516689301814976,0.150083442816542,0.047459080490808,0.104525061946576,0.0879436150629178,0.0641268453456754,0.0958680769209256,0.011826628363135,0.0776127949097089,0.0827828074211668
"t__d__Bacteria;p__Actinobacteriota;c__Coriobacteriia;o__Coriobacteriales;f__Coriobacteriaceae;g__Collinsella;s__Collinsella sp900544095",0.0346590498306675,0.0404834380205255,0.126102199625206,0.109654056744542,0.0409474233828799,0.0702325635819522,0.0385750376996708,0.171596101734438,0.0587839769971573,0.0858372173285953,0.0571733947865317,0.0648853904209614,0.0193397051011056,0.0308571189087658,0.142933185530811,0.072803990646254
"t__d__Bacteria;p__Actinobacteriota;c__Coriobacteriia;o__Coriobacteriales;f__Coriobacteriaceae;g__Collinsella;s__Collinsella sp900544115",0.0454383658528341,0.029342331542578,0.127777271950369,0.0893226859241838,0.053488722342852,0.0366033702883678,0.0307057810543213,0.0957730218151163,0.0330943676382165,0.0507878952941548,0.0184638976296831,0.0501963855955678,0.0341069096037038,0.0294618995822579,0.0909601387057061,0.0543682029879941
"t__d__Bacteria;p__Actinobacteriota;c__Coriobacteriia;o__Coriobacteriales;f__Coriobacteriaceae;g__Collinsella;s__Collinsella sp900544225",0.00418325026547299,0.0266091471305139,0.0676385113722483,0.0214607172100529,0.010846900819337,0.0315025917276455,0.0630472048364158,0.0472629890219718,0.0328098691565249,0.00478617251626316,0.0643789578178512,0.0739798281347359,0.0451276462287959,0.0059995140967507,0.126191048647376,0.0417216232654638
"t__d__Bacteria;p__Actinobacteriota;c__Coriobacteriia;o__Coriobacteriales;f__Coriobacteriaceae;g__Collinsella;s__Collinsella sp900544235",0.0608765055215605,0,0.112683335204988,0.0407113102389267,0.00953946188129192,0.0148364452870161,0.0414527508050197,0.1139830627508,0.0542691379430326,0.0576249529458152,0.0535506192791238,0.0505858050591842,0.0732630312303292,0.0441872429880917,0.0128072822532154,0.0493580628925597
"t__d__Bacteria;p__Actinobacteriota;c__Coriobacteriia;o__Coriobacteriales;f__Coriobacteriaceae;g__Collinsella;s__Collinsella sp900544865",0.0343110196639903,0.0541170877286122,0.0575503228497672,0.0737547091390652,0.0646712782921586,0.0154131476365411,0.0376154065887463,0.322668382004286,0.0296189253118134,0.0948499511748363,0,0.0976023208059913,0.0567983762595256,0.0563653673768771,0.215025219651737,0.0806907676322632
"t__d__Bacteria;p__Actinobacteriota;c__Coriobacteriia;o__Coriobacteriales;f__Coriobacteriaceae;g__Collinsella;s__Collinsella sp900544875",0.0387253013046238,0.0329062377947938,0.0527872375142975,0.0314678201373206,0.0294808950107506,0.0290447563093072,0.0298427014192788,0.237445194717846,0,0.0503828065038404,0.0501761250735602,0.046965385749845,0.115169412310692,0.0979532734361587,0.151954139361513,0.0662867524429219
"t__d__Bacteria;p__Actinobacteriota;c__Coriobacteriia;o__Coriobacteriales;f__Coriobacteriaceae;g__Collinsella;s__Collinsella sp900545055",0.0702140066378898,0.0243733073153839,0.0124396217074829,0.0467578837114731,0.0315858711199651,0.0288755459681888,0.0130842755131927,0.132322042813693,0.00318329476310223,0.0464129695112627,0.00670171099151461,0.0209865923593887,0.0785718953870171,0.0251513096378683,0.0665597560532154,0.0404813388993759
"t__d__Bacteria;p__Actinobacteriota;c__Coriobacteriia;o__Coriobacteriales;f__Coriobacteriaceae;g__Collinsella;s__Collinsella sp900545075",0.0435504742621083,0.0143501209157918,0.0516055821743762,0.0202021628565096,0.0363581013326735,0.0828160011344342,0.0781627111309973,0.118072548678303,0.0209210805144657,0.11260918942,0.0355714966063216,0.109132572266089,0.0357588761198916,0.0591250255263313,0.065337086285158,0.0589048686148967
"t__d__Bacteria;p__Actinobacteriota;c__Coriobacteriia;o__Coriobacteriales;f__Coriobacteriaceae;g__Collinsella;s__Collinsella sp900545875",0.155243393714564,0.16605297998718,0.249774221054945,0.0647780715812673,0.0881802317266899,0.19338219014583,0.11717699186172,0.12842746117755,0.162108285671118,0.46505682081328,0.242999309946358,0.171561899951655,0.0817923695242496,0.142350327525154,0.117547132453884,0.169762112475696
"t__d__Bacteria;p__Actinobacteriota;c__Coriobacteriia;o__Coriobacteriales;f__Coriobacteriaceae;g__Collinsella;s__Collinsella sp900545905",0.0333653328452955,0.0406491267701538,0.260821873143716,0.102806426951391,0.0472488299021214,0.0749739704801517,0.0723371701559042,0.204140189713573,0.0205344375508302,0.0602190671980774,0.0275633849921059,0.035381475176,0.0792827383078513,0.107422794676677,0.0607896910475164,0.0818357672607576
"t__d__Bacteria;p__Actinobacteriota;c__Coriobacteriia;o__Coriobacteriales;f__Coriobacteriaceae;g__Collinsella;s__Collinsella sp900545995",0.0350329050845482,0.0283413758045384,0.247073366265586,0.0872724106260237,0,0,0,0.393409607320565,0.0369787688798212,0.00683738930894737,0.117071365207394,0.0627610594174546,0.0411505786056179,0.0208603671459712,0.145488588785837,0.0814851854968203
"t__d__Bacteria;p__Actinobacteriota;c__Coriobacteriia;o__Coriobacteriales;f__Coriobacteriaceae;g__Collinsella;s__Collinsella sp900546085",0.0156586790398806,0.0154574788049469,0.058317173080638,0.0434569419587747,0.0268257302076663,0.040789868521532,0.0942970597811313,0.239036167876709,0.00626553254959804,0.109839513788266,0.0208655068892759,0.0334474188101506,0.0698527010984048,0.0266484827534626,0.350397895113947,0.0767437433516256
"t__d__Bacteria;p__Actinobacteriota;c__Coriobacteriia;o__Coriobacteriales;f__Coriobacteriaceae;g__Collinsella;s__Collinsella sp900546775",0,0.0552327243931757,0.0384798964818139,0.0306824168409101,0.012233346788726,0.029063420653394,0.0164599813200908,0.162602165086758,0.0612897553027245,0.172524860086262,0.0196385631091799,0.127552224904684,0.118991038876182,0.100268279496072,0.0509297666141992,0.0663965626636114
"t__d__Bacteria;p__Actinobacteriota;c__Coriobacteriia;o__Coriobacteriales;f__Coriobacteriaceae;g__Collinsella;s__Collinsella sp900546825",0.0469092765394278,0.0306991606731103,0.109704346925429,0.0200673944785778,0.0342163142286311,0.0837359279677744,0.0253092298921584,0.253491032665099,0.0260703419683355,0.0792143829406659,0.0882530868610926,0.0535139797758277,0.0645162128981807,0.0730044564334585,0.0936398200969022,0.0721563309563114
"t__d__Bacteria;p__Actinobacteriota;c__Coriobacteriia;o__Coriobacteriales;f__Coriobacteriaceae;g__Collinsella;s__Collinsella sp900547125",0.0515063349785727,0.0186998636181756,0.0255401957462908,0.025232131652193,0.0728834665174964,0.0318497093684243,0.0700625967504691,0.236923683866785,0.0568710078949864,0.123921805294757,0.19497584732113,0.0112699189709313,0.135996085963399,0.168604941430786,0.0656420698264812,0.0859986439467252
"t__d__Bacteria;p__Actinobacteriota;c__Coriobacteriia;o__Coriobacteriales;f__Coriobacteriaceae;g__Collinsella;s__Collinsella sp900547285",0.0921662638180733,0.0107639531227547,0.246091011383737,0.046947782220393,0.0635804630692949,0.0676012677242535,0.0422689634107487,0.111528275662203,0.0181902557891556,0.0522600398987488,0.099178651655638,0.157792941283423,0.0394846058108121,0.0958710642701016,0.152857428991671,0.0864388645407339
"t__d__Bacteria;p__Actinobacteriota;c__Coriobacteriia;o__Coriobacteriales;f__Coriobacteriaceae;g__Collinsella;s__Collinsella sp900547345",0.0312797913969683,0.0779732721404664,0.260143703036074,0.102019312393267,0.0660403131357546,0.160402836343188,0.0596689904215613,0.173692055470752,0.0335587952174728,0.0454047519420003,0.0744404221306042,0.192248115164698,0.0330584104398062,0.0952918764214527,0.048433239917331,0.0969103923714265
"t__d__Bacteria;p__Actinobacteriota;c__Coriobacteriia;o__Coriobacteriales;f__Coriobacteriaceae;g__Collinsella;s__Collinsella sp900547505",0.0486695574519819,0.0629926013039156,0.101774541984096,0.0584534101618689,0.0761101991894213,0.0731226442431896,0.0322411174284005,0.196067592757536,0.0303021464430783,0.0655663148776369,0.116335838920929,0.119427446567187,0.0729479558416284,0.0715153604726689,0.133046653335688,0.0839048920652818
"t__d__Bacteria;p__Actinobacteriota;c__Coriobacteriia;o__Coriobacteriales;f__Coriobacteriaceae;g__Collinsella;s__Collinsella sp900547805",0.016266984474319,0.0475494193800219,0.0894333954367186,0.0620017866845072,0.0145382740033902,0.00813812589405,0.0139663240004393,0.130850723928058,0.0402211360392488,0.0635343385806398,0.0312977509232869,0.0400433286229855,0.0190064323622412,0.0677854942137044,0.0388007274345959,0.0455622827985471
"t__d__Bacteria;p__Actinobacteriota;c__Coriobacteriia;o__Coriobacteriales;f__Coriobacteriaceae;g__Collinsella;s__Collinsella sp900547855",0.0714331475832814,0.0227692263415983,0.0724496170474948,0,0.0213383140774271,0.0233618115141688,0.0403069753995363,0.191133611024446,0.0496269653896721,0.094087602796068,0.0826618204740913,0.0250246259935778,0.0221950381371186,0.0440836528372019,0.126209449905023,0.0591121239013803
"t__d__Bacteria;p__Actinobacteriota;c__Coriobacteriia;o__Coriobacteriales;f__Coriobacteriaceae;g__Collinsella;s__Collinsella sp900548255",0.0257980234752255,0.00310071517162757,0.150100308786716,0.0271250551001506,0.0242630495233367,0.0770784859781653,0,0.16240712900034,0.0519997813158081,0.0441184994450871,0.0705656732051384,0.0616815716175995,0.0912517416589518,0.0356022534846114,0.277669614359766,0.0735174601415016
"t__d__Bacteria;p__Actinobacteriota;c__Coriobacteriia;o__Coriobacteriales;f__Coriobacteriaceae;g__Collinsella;s__Collinsella sp900548815",0.038522374222214,0.00876064474319019,0.0774858209836653,0.0768558678773908,0.00781614911981638,0.0532120630204909,0.0280939628406301,0.0907074533572261,0.103001018573473,0.0129303854270013,0.0659533344666416,0.0365197045231654,0.053655178976444,0.0686662437900424,0.155310132769861,0.0584993556460835
"t__d__Bacteria;p__Actinobacteriota;c__Coriobacteriia;o__Coriobacteriales;f__Coriobacteriaceae;g__Collinsella;s__Collinsella sp900548935",0.0236350018764576,0.0202673316481649,0.18324198135347,0.0861647516819807,0.053620116682098,0.065460151502506,0.212249578785742,0.170735486536182,0.0847543557027507,0.139770188705085,0.106950727439591,0.129969801405556,0.0379937361109365,0.127960784285302,0.0808086761949594,0.101572177994052
"t__d__Bacteria;p__Actinobacteriota;c__Coriobacteriia;o__Coriobacteriales;f__Coriobacteriaceae;g__Collinsella;s__Collinsella sp900549025",0.024824743521381,0.0212988273350251,0.0885833596320331,0.0268596572213338,0.0195811483170757,0.0226284110693137,0.046106683023756,0.185292413561995,0.0320509341202347,0.0803097181391797,0.019605707287024,0.05469082740342,0.00592684591253258,0.0156045054151064,0.0765380841884426,0.0479934577431902
"t__d__Bacteria;p__Actinobacteriota;c__Coriobacteriia;o__Coriobacteriales;f__Coriobacteriaceae;g__Collinsella;s__Collinsella sp900549215",0.0559234060809541,0.0136116359470865,0.155215677053569,0.00927539472637878,0.065720871565886,0.102474657049293,0.0657920999274911,0.401381205296983,0.0623599172571359,0.00574340701951579,0.152982140992787,0.0358426210349542,0.0935596495212738,0.0518194998612565,0.0654792817250947,0.0891454310039773
"t__d__Bacteria;p__Actinobacteriota;c__Coriobacteriia;o__Coriobacteriales;f__Coriobacteriaceae;g__Collinsella;s__Collinsella sp900549745",0.203444200729582,0.01487077684352,0.151043304492702,0.0793779368179529,0.0344564673074519,0.0474855474085339,0.028364418237345,0.160561027608184,0.0405853093601213,0.0352911800276095,0.025520235070052,0.0206129425968678,0.0305625770061303,0.0377050836996991,0.187259718623035,0.0731427150552524
"t__d__Bacteria;p__Actinobacteriota;c__Coriobacteriia;o__Coriobacteriales;f__Coriobacteriaceae;g__Collinsella;s__Collinsella sp900550195",0.00347986164742809,0.048447621985468,0.0810577029934601,0.0318336303622,0.0306279024508629,0.0263402709503329,0.0150262248679885,0.170683131532179,0.0101614986868551,0.0540642649215651,0.0109564352279199,0.0937917497563228,0.0161808492321908,0,0.146153768873697,0.0492536608992314
"t__d__Bacteria;p__Actinobacteriota;c__Coriobacteriia;o__Coriobacteriales;f__Coriobacteriaceae;g__Collinsella;s__Collinsella sp900550355",0.0601499243189957,0.0330979285083883,0.255964989313968,0.156827791143041,0.0468515800055667,0.0537836902318816,0.115977748055286,0.102265761568609,0.120294611304976,0.0873682092878099,0.0864905436200977,0.0503908551117553,0.0385156533408386,0.0191957142383397,0.193311842980121,0.094699122868645
"t__d__Bacteria;p__Actinobacteriota;c__Coriobacteriia;o__Coriobacteriales;f__Coriobacteriaceae;g__Collinsella;s__Collinsella sp900550595",0.014373341587203,0.0159947673486279,0.135621028143914,0.0973890773208551,0.0298961620323639,0.130417247547905,0.0744689171537128,0.132984818097208,0.0593387981730864,0.0486509615477346,0,0.0674838968879044,0.0726676412459211,0.0515283515958806,0.0555649093194291,0.0657586612001164
"t__d__Bacteria;p__Actinobacteriota;c__Coriobacteriia;o__Coriobacteriales;f__Coriobacteriaceae;g__Collinsella;s__Collinsella sp900550735",0.055239255148161,0.0436952092878983,0.103740065747224,0.164059242666833,0.0389212045334944,0.129579593744886,0.0279272139094427,0.278454402717923,0.0676237072267136,0.143885857023981,0.143692844340347,0.246302686997066,0.113206023847612,0.175068112913157,0.0150575877690986,0.116430200524923
"t__d__Bacteria;p__Actinobacteriota;c__Coriobacteriia;o__Coriobacteriales;f__Coriobacteriaceae;g__Collinsella;s__Collinsella sp900551015",0.0249144617322294,0.0294240844678351,0.111738168263391,0.0498161648731918,0.00381336356929817,0.0537770215544015,0.00104982183751913,0.155206139219468,0.0463907543338761,0.0848906135592631,0.0634565221686997,0.00757588552071645,0.0258565485216423,0.0805159945026274,0.0830074128114212,0.0547621971290386
"t__d__Bacteria;p__Actinobacteriota;c__Coriobacteriia;o__Coriobacteriales;f__Coriobacteriaceae;g__Collinsella;s__Collinsella sp900551205",0.011651322480228,0.0405564132241852,0.0734128330812635,0.0153592557834659,0.0910463760432248,0.00676192954146082,0.00818684592619962,0.288631646133028,0.0787916149662693,0.089909472015579,0.0272346873679238,0.140877869888425,0.0301496074681005,0.00562454446570378,0.00836773432152004,0.0611041435137718
"t__d__Bacteria;p__Actinobacteriota;c__Coriobacteriia;o__Coriobacteriales;f__Coriobacteriaceae;g__Collinsella;s__Collinsella sp900551365",0.0182509685632188,0.0311327495121469,0,0.0327462389470819,0.0173554815260699,0.00715807947731848,0.0116785736157882,0.148900970997909,0.0535491025347402,0.0426143385679702,0.0190979416296235,0.0435421097946701,0.0642878214550487,0.0125273944917948,0.0484865129380482,0.0367552189367619
"t__d__Bacteria;p__Actinobacteriota;c__Coriobacteriia;o__Coriobacteriales;f__Coriobacteriaceae;g__Collinsella;s__Collinsella sp900551625",0.0528468374454083,0.0868450011967774,0.146320426328951,0.132592231542378,0.0578023449610923,0.0424249011043993,0.0486087387029422,0.219916095526396,0.0717683079316454,0.0520364144307246,0.114994984631476,0.212385914294901,0.0944669022020056,0.0663487291025348,0.134522582663878,0.102258694137701
"t__d__Bacteria;p__Actinobacteriota;c__Coriobacteriia;o__Coriobacteriales;f__Coriobacteriaceae;g__Collinsella;s__Collinsella sp900551815",0.0459141967695653,0.0121721701786053,0.165563946005934,0.0489048552733268,0.0855558046862809,0.0928629081807508,0.0618459781956276,0.241419473871103,0.0226536942357432,0.0691102812367772,0.0439327767101474,0.170458884535049,0.0735299454050891,0.103075000403225,0.130428809674187,0.0911619150240941
"t__d__Bacteria;p__Actinobacteriota;c__Coriobacteriia;o__Coriobacteriales;f__Coriobacteriaceae;g__Collinsella;s__Collinsella sp900552145",0.0437350849117468,0.00632799014617871,0.0955904318789893,0.44164907913771,0.090762503758809,0.0358763984058013,0.0641336606464129,0.457250581194394,0.148819796105372,0.0864987142981782,0.0534343469494251,0.0926515866366906,0.110694701399308,0.216830183039972,0.0247040784694392,0.131263942465228
"t__d__Bacteria;p__Actinobacteriota;c__Coriobacteriia;o__Coriobacteriales;f__Coriobacteriaceae;g__Collinsella;s__Collinsella sp900552755",0.0234280306786281,0.0920946902718302,0.199251106358927,0.103742033561053,0.134850046224906,0.118099571895705,0.111919930710024,0.347958185711881,0.159605132438074,0.248258475633925,0.110689352865778,0.278689140191893,0.1288690653578,0.142284495121713,0.144943661605951,0.156312194575206
"t__d__Bacteria;p__Actinobacteriota;c__Coriobacteriia;o__Coriobacteriales;f__Coriobacteriaceae;g__Collinsella;s__Collinsella sp900553345",0.122472426214465,0.0710807080525849,0.111497432037913,0.297991887974682,0.0879893264783801,0.087253383728749,0.0845982080874,0.262935693040884,0.294644930177374,0.192118235874715,0.350081809414213,0.239373432026584,0.0747505064943489,0.114435435950282,0.0657940716606329,0.163801165814214
"t__d__Bacteria;p__Actinobacteriota;c__Coriobacteriia;o__Coriobacteriales;f__Coriobacteriaceae;g__Collinsella;s__Collinsella sp900553705",0.0710235619808037,0.00263451018330706,0.12102469691799,0.0237376936898369,0.0311264476241286,0.0483887878070741,0.0536068448653056,0.140713498672092,0.0660744577614192,0.0770058431242864,0.0571231016771347,0.0881091457768056,0.0366209989483242,0.153848013170285,0.0986035631839434,0.0713094110255157
"t__d__Bacteria;p__Actinobacteriota;c__Coriobacteriia;o__Coriobacteriales;f__Coriobacteriaceae;g__Collinsella;s__Collinsella sp900554155",0.0206690803210109,0.00493970659370073,0.147930816283933,0.0300670361845197,0.034776040846624,0.0529286470198716,0.00820062849509895,0.251013365239883,0,0.0599361761178028,0.0255712352251726,0.0198906126558893,0.0432717413672434,0.0106241395463294,0.0701156695236018,0.0519956596947121
"t__d__Bacteria;p__Actinobacteriota;c__Coriobacteriia;o__Coriobacteriales;f__Coriobacteriaceae;g__Collinsella;s__Collinsella sp900554255",0.119188828577428,0.181770741295611,0.153972508749719,0.179717618954518,0.216812463094784,0.199896932374167,0.13718251676163,0.266764486264411,0.163096126032449,0.378414164374513,0.341400453014557,0.384215344431818,0.189665095522078,0.250204328089572,0.216728466130307,0.225268671577837
"t__d__Bacteria;p__Actinobacteriota;c__Coriobacteriia;o__Coriobacteriales;f__Coriobacteriaceae;g__Collinsella;s__Collinsella sp900554455",0.0813147069655825,0.094490419846865,0.226275933954836,0.250136491473987,0.0758935735076777,0.0817409394980953,0.129169334901215,0.17228891800947,0.0435700143508624,0.111814513766505,0.0756009288357536,0.134034600146755,0.122452175660003,0.196135875829229,0.124218684747837,0.127942474099645
"t__d__Bacteria;p__Actinobacteriota;c__Coriobacteriia;o__Coriobacteriales;f__Coriobacteriaceae;g__Collinsella;s__Collinsella sp900554585",0.0245581329278509,0.0326525060646433,0.149664163049806,0.0664462500605628,0.0207725103831855,0.058087123081039,0.0194862472726802,0.104165904669997,0.0353113216988939,0.121240951149195,0.0664516368411619,0.146084340710372,0.0179480269170399,0.0930039880540681,0.166512168792388,0.0748256847781922
"t__d__Bacteria;p__Actinobacteriota;c__Coriobacteriia;o__Coriobacteriales;f__Coriobacteriaceae;g__Collinsella;s__Collinsella sp900554665",0.0520632537463801,0.0175560555322137,0.0276325463528888,0.0625345174717415,0.0659960420381602,0.0951601323105477,0.0150951979568057,0.286517084044114,0.00710172949328252,0.0451608360796271,0.0165491230606789,0.0491539573815135,0.0424195063415667,0.0172713284603429,0.100191666920239,0.0600268651460068
"t__d__Bacteria;p__Actinobacteriota;c__Coriobacteriia;o__Coriobacteriales;f__Coriobacteriaceae;g__Collinsella;s__Collinsella sp900555355",0.0371460675124282,0.0105669672017128,0.246022628956486,0.0509788473343959,0.0346065026320199,0.0640207424126064,0.0661612573987593,0.0961610718856693,0.0170344166192197,0.0809615901338537,0.112406843854475,0.0344054206324882,0.0110634457033942,0.0569900632500644,0.079911710016143,0.0665625050362477
"t__d__Bacteria;p__Actinobacteriota;c__Coriobacteriia;o__Coriobacteriales;f__Coriobacteriaceae;g__Collinsella;s__Collinsella sp900555815",0.00136629183272416,0.017458444493253,0.087179767107907,0.0505492024685215,0.0338679510769356,0.148080238219328,0.0227543670801329,0.145091185282299,0.0506384070962836,0.136933796762351,0.0451651982802085,0.0418253025941807,0.0423925837327136,0.0701370715375485,0.0811834546566014,0.0649748841480659
"t__d__Bacteria;p__Actinobacteriota;c__Coriobacteriia;o__Coriobacteriales;f__Coriobacteriaceae;g__Collinsella;s__Collinsella sp900555955",0.00724971176547519,0.0264872225391984,0.242430303942906,0.00736703903173304,0.0430172635227627,0.0316760914108545,0.0198686083131369,0.241377915231412,0.0275924995659014,0.0407282173922335,0.0406516408162975,0.136837672866537,0.00621478984350582,0.0199712086101076,0.186195635199914,0.071844388003465
"t__d__Bacteria;p__Actinobacteriota;c__Coriobacteriia;o__Coriobacteriales;f__Coriobacteriaceae;g__Collinsella;s__Collinsella sp900556205",0.0328747124455053,0.0245622673038835,0.155382938882252,0.0288561106011101,0.00435812979348362,0.0530770475272259,0.0595599706210637,0.136672862261979,0.0151431802931502,0.0118299735779335,0.064653671891214,0.00396012197673814,0.0141839047479412,0.130999888942787,0.122056956737358,0.0572114491735751
"t__d__Bacteria;p__Actinobacteriota;c__Coriobacteriia;o__Coriobacteriales;f__Coriobacteriaceae;g__Collinsella;s__Collinsella sp900556515",0.0104791288246414,0.0344133682715126,0.0987219852414023,0.0333365653916786,0.0439204318172738,0.0133804559250744,0.0155707046955989,0.246414942051848,0.0172164116072728,0.0536939577146918,0.0835634223288988,0.0209140840297191,0.0352430847417675,0.0614727675060138,0.0637016258355138,0.0554695290655272
"t__d__Bacteria;p__Actinobacteriota;c__Coriobacteriia;o__Coriobacteriales;f__Coriobacteriaceae;g__Collinsella;s__Collinsella sp900751695",0.0339977192623517,0.00538877082949171,0.0954271170961329,0.0465158624760074,0.0425452316515849,0.050969688041832,0,0.133382089412842,0.0060950538238446,0.0457125496192711,0.0700954680872799,0.0461071344434512,0.0455007833746672,0.00692251626548157,0.145946943375091,0.051640461850622
"t__d__Bacteria;p__Actinobacteriota;c__Coriobacteriia;o__Coriobacteriales;f__Coriobacteriaceae;g__Collinsella;s__Collinsella sp900751755",0.00579976941238015,0.00614908303560678,0.153306132584665,0.0241966818949012,0.0164640458864937,0.0403718725700884,0.106735784056215,0.180831373968372,0.0244926903547461,0.0067337373965511,0.0397198142152509,0.0329190263697798,0.0255173021868607,0.0281053813192909,0.115201418927727,0.0537696076119286
"t__d__Bacteria;p__Actinobacteriota;c__Coriobacteriia;o__Coriobacteriales;f__Coriobacteriaceae;g__Collinsella;s__Collinsella sp900752475",0.0248319971775576,0.0073180838425196,0.144658992424367,0.0533228686753406,0.022937728233241,0.00490461001223674,0.0321244693761723,0.11736802502022,0.00848878603493928,0.0543129635334723,0.0900476441963283,0.0515718192461334,0.0577567581621307,0.0201039205676107,0.114651943803153,0.0536267073536948
"t__d__Bacteria;p__Actinobacteriota;c__Coriobacteriia;o__Coriobacteriales;f__Coriobacteriaceae;g__Collinsella;s__Collinsella sp900754075",0.0520572974814939,0.0179481658066407,0.0430846788395644,0.0527543355752943,0.062851829940801,0.0593011937843169,0.0125001008632437,0.305560797849241,0.0139303155445157,0.0107688881615921,0.012035725862312,0.0480136822716387,0.0383957088931101,0.0839226543883067,0.0802544838369455,0.0595586572732678
"t__d__Bacteria;p__Actinobacteriota;c__Coriobacteriia;o__Coriobacteriales;f__Coriobacteriaceae;g__Collinsella;s__Collinsella sp900754275",0.0439216068310873,0.014359871287909,0.11496568632791,0.0688241573793559,0.0701178839631793,0.128683439122996,0.0189006670205718,0.311511464765932,0.128845702323296,0.073099146078668,0.111977647841162,0.116407737153895,0.101649598204299,0.111679337524425,0.0499384626649677,0.0976588272326436
"t__d__Bacteria;p__Actinobacteriota;c__Coriobacteriia;o__Coriobacteriales;f__Coriobacteriaceae;g__Collinsella;s__Collinsella sp900755005",0.00217491352964256,0.0139813293774012,0.171026238069878,0,0.0415667354823579,0.0683070792056498,0.0509346709851125,0.294385570390288,0.0231230994597565,0.0891074108065761,0.0400902726509801,0.0819233902029223,0.0543185036623864,0.0115553141300959,0.119944883584155,0.0708292941024802
"t__d__Bacteria;p__Actinobacteriota;c__Coriobacteriia;o__Coriobacteriales;f__Coriobacteriaceae;g__Collinsella;s__Collinsella sp900756725",0.0358904984466022,0.0219328250802341,0.0145219280368873,0.0588805789601837,0.0971687163119945,0.0567954965421412,0.0268100566151572,0.161039863200253,0.0188805721194056,0.0359612204159725,0.0275369013246985,0.0156592466265527,0.0511700797896215,0.0507707184715798,0.162599283279407,0.0557078656813794
"t__d__Bacteria;p__Actinobacteriota;c__Coriobacteriia;o__Coriobacteriales;f__Coriobacteriaceae;g__Collinsella;s__Collinsella sp900756765",0.0284717490535082,0.0165761635652148,0.00796135789278908,0.034929961973599,0,0.0293462618180762,0.058776572026647,0.0201220339453192,0.0800133623445238,0.0588668758287697,0,0.053517297555804,0.0152476976040368,0.0410891012767667,0.0661988184522241,0.0340744835558186
"t__d__Bacteria;p__Actinobacteriota;c__Coriobacteriia;o__Coriobacteriales;f__Coriobacteriaceae;g__Collinsella;s__Collinsella sp900757205",0.0709443152879784,0.0575842347668315,0.0742626199477028,0.106210965108442,0.00604101408246677,0.0463627808765422,0.0375326627796066,0.182718332117278,0.0576948549106839,0.0224158410554911,0.145515032771781,0.0616416086550425,0.0824427361063003,0.0609394611105332,0.166566009760457,0.0785914979558092
"t__d__Bacteria;p__Actinobacteriota;c__Coriobacteriia;o__Coriobacteriales;f__Coriobacteriaceae;g__Collinsella;s__Collinsella sp900757265",0.0060043490446469,0.0177892011023336,0.163096779153864,0.12083631255568,0.0208065595045341,0.0432229755358741,0.0523759840057133,0.244669441525596,0.0492261165171948,0.10286863076267,0.0247489995685165,0.142750596708231,0.0513399595445154,0.00562454446570378,0.0293273480192746,0.0716458532009565
"t__d__Bacteria;p__Actinobacteriota;c__Coriobacteriia;o__Coriobacteriales;f__Coriobacteriaceae;g__Collinsella;s__Collinsella sp900757505",0.0356498873578068,0.0386630574117693,0.202012632303568,0.0165542556859466,0.0755365668954118,0.145402948997852,0.0289026265777832,0.228413258049536,0.024893868335169,0.0987219876365192,0.130673099785684,0.129560111734243,0.0984808553900111,0.0414653916999384,0.212030318866076,0.100464057781821
"t__d__Bacteria;p__Actinobacteriota;c__Coriobacteriia;o__Coriobacteriales;f__Coriobacteriaceae;g__Collinsella;s__Collinsella sp900757595",0.00467848065931999,0.0107280294483706,0.0904648195361379,0,0.0493243909020557,0.0117710640293682,0.0376099095924819,0.186450259787838,0.0173634259805576,0.0201839732400126,0.068706320158602,0.0319818717813868,0.0464550614116569,0.0295522518205755,0.0428834598313368,0.04321022121198
"t__d__Bacteria;p__Actinobacteriota;c__Coriobacteriia;o__Coriobacteriales;f__Coriobacteriaceae;g__Collinsella;s__Collinsella sp900758375",0.0886524483154575,0.0316379742687698,0.121084902753376,0.0395032261064801,0.0176696709661155,0.0494747247208788,0.0598815581379102,0.275193755647844,0.0615915507598476,0.14934738273096,0.0662322413610291,0.0639800114734461,0.0729287266485602,0.038913112099546,0.04445746253415,0.0787032499016247
"t__d__Bacteria;p__Actinobacteriota;c__Coriobacteriia;o__Coriobacteriales;f__Coriobacteriaceae;g__Collinsella;s__Collinsella sp900760245",0.0231198454230637,0.00143505310133204,0.0837806068778726,0.0439813742554837,0.0231511170813924,0.00670960204109076,0,0.217495453239391,0.0308542578823595,0.0861629658520469,0.0516869469652431,0.0406599865345993,0.0700502975188636,0.0473343164980879,0.0859992093695442,0.0541614021760247
"t__d__Bacteria;p__Actinobacteriota;c__Coriobacteriia;o__Coriobacteriales;f__Coriobacteriaceae;g__Collinsella;s__Collinsella sp900761155",0.01022209358932,0,0.088304714758104,0.0109796542452094,0.0232334476222459,0.0514540712969475,0.0178865878800273,0.139091063817431,0.00477494214465335,0.0128104898755606,0.0288674439356006,0.107168350362857,0.0630734405645571,0.049553141471296,0.142599931041129,0.0500012915069959
"t__d__Bacteria;p__Actinobacteriota;c__Coriobacteriia;o__Coriobacteriales;f__Coriobacteriaceae;g__Collinsella;s__Collinsella sp900761945",0.00423829303212396,0.0153194569053536,0.0093813135048891,0.0315388801831733,0.0259310980380901,0.0157099837472701,0.0518419341813645,0.159988183788213,0.020537401080185,0.0316993154860754,0.0366438941567872,0.0235721546234413,0.033456968031282,0.0397907333751986,0.0727690305686705,0.0381612427134745
"t__d__Bacteria;p__Actinobacteriota;c__Coriobacteriia;o__Coriobacteriales;f__Coriobacteriaceae;g__Collinsella;s__Collinsella sp900761995",0.00780093515065087,0.0122447888733861,0.15122051557448,0.0496572062792501,0,0.116269850715533,0.0131024487828253,0.163184173334597,0.0750004216610901,0.0681524077570691,0.0973158625583678,0.0668241899558137,0.0426049279985046,0.013897683944358,0.141238963779275,0.0679009584243468
"t__d__Bacteria;p__Actinobacteriota;c__Coriobacteriia;o__Coriobacteriales;f__Coriobacteriaceae;g__Collinsella;s__Collinsella sp900762345",0,0.0169804687697017,0.023847385393147,0.015670259493724,0.0308874076977221,0.0386491798107852,0.0382589755802685,0.105719301333106,0.0319238989099681,0.00478617251626316,0.0365642348276435,0.141199432532332,0.0037445508534565,0.0642218211750692,0.140767529833198,0.0462147079150923
"t__d__Bacteria;p__Actinobacteriota;c__Coriobacteriia;o__Coriobacteriales;f__Coriobacteriaceae;g__Collinsella;s__Collinsella sp900764415",0.0500654134248131,0.00263451018330706,0.139780185128521,0.0941729302156206,0.103452775412986,0.0816947767755346,0.0379484890169482,0.129600906037018,0.0121436800222048,0.135602047610868,0.0862178159882453,0.0558403665700708,0.215947374730826,0.0631649385031326,0.123607649484903,0.0887915906069999
"t__d__Bacteria;p__Actinobacteriota;c__Coriobacteriia;o__Coriobacteriales;f__Coriobacteriaceae;g__Collinsella;s__Collinsella sp900767675",0.0196208270567039,0.0105929263620471,0.174550244560131,0.0744018360448927,0.0352622065755079,0.0608287616790204,0.0501252683747067,0.188771536066779,0.0601525923738071,0.0593770233078124,0.0391746400835687,0.0410381679927938,0.0519595089059897,0.0626160343747242,0.0827664313595256,0.0674158670078674
"t__d__Bacteria;p__Actinobacteriota;c__Coriobacteriia;o__Coriobacteriales;f__Coriobacteriaceae;g__Collinsella;s__Collinsella sp900768265",0.0308244520503547,0.0205365736441377,0.00853002631370259,0.0740371728517454,0.00953340892324543,0.072987777756668,0.00867899849064638,0.252243241714397,0.0319844035357055,0.0450242085994184,0,0.0504046475491707,0.0811003588134196,0.013016802906343,0.0301599548613476,0.0486041352006868
"t__d__Bacteria;p__Actinobacteriota;c__Coriobacteriia;o__Coriobacteriales;f__Coriobacteriaceae;g__Collinsella;s__Collinsella sp900768435",0.0521412518106182,0.0116277823035632,0.124214253913576,0.0192037157896041,0.0421494069247273,0.0132175178962408,0.029201030248822,0.342634822225048,0.11837970895736,0.0392933321920242,0.0451307418388205,0.112120727111119,0.184371960700674,0,0.153353297889096,0.0858026366534195
"t__d__Bacteria;p__Actinobacteriota;c__Coriobacteriia;o__Coriobacteriales;f__Coriobacteriaceae;g__Collinsella;s__Collinsella sp902363875",0.0468016236901524,0.0197768028223123,0.0797568698167604,0,0.00934182845684527,0.00713397819961707,0.0259868933175098,0.201980443504976,0.00622818540606959,0.0601223259596179,0.0388177835307158,0.036910708584093,0.0365123225137144,0.0328065208736655,0.0156616295295328,0.0411891944137055
"t__d__Bacteria;p__Actinobacteriota;c__Coriobacteriia;o__Coriobacteriales;f__Coriobacteriaceae;g__Collinsella;s__Collinsella sp902364645",0.00913275378248173,0.0109054855745842,0.0207327028458049,0,0.0137910263893736,0.0321316490143773,0.00875727076673255,0.254419384245394,0.0264425793457385,0.0897598982362477,0.0980055604511549,0.0375457278842173,0.025555029622431,0.0390940559776695,0.0171251425452677,0.0455598844454317
"t__d__Bacteria;p__Actinobacteriota;c__Coriobacteriia;o__Coriobacteriales;f__Coriobacteriaceae;g__Collinsella;s__Collinsella sp902835305",0.0449714789266924,0.0173118420899604,0.0696911792408307,0.132319941799567,0,0.0204496003358051,0.0375243512976317,0.240370577975753,0.0220513124867096,0.0124487639831869,0.029073759687371,0.0289987598649467,0.0766150169343263,0.00681762965539852,0.155815085491466,0.0596306199846431
"t__d__Bacteria;p__Actinobacteriota;c__Coriobacteriia;o__Coriobacteriales;f__Coriobacteriaceae;g__Collinsella;s__Collinsella sp905197585",0.137429059971035,0.0580726706916762,0.188911569252431,0.0973969957422342,0.0730951687309007,0.115012241118247,0.0510910571575425,0.255679014062501,0.0423183536647116,0.0632115720477341,0.0563767831607259,0.177247052846622,0.0850166380619626,0.107459340951644,0.0437256316128492,0.103469543271521
"t__d__Bacteria;p__Actinobacteriota;c__Coriobacteriia;o__Coriobacteriales;f__Coriobacteriaceae;g__Collinsella;s__Collinsella sp905208345",0.0287414638731632,0.0225171993308391,0,0,0.0284389664214937,0.0175339807937464,0.0497676379605359,0.227491715844729,0.0189406038404583,0.0558236202688404,0.0505475345666705,0.0553398703998381,0.0227371355525234,0,0,0.0385253152568558
"t__d__Bacteria;p__Actinobacteriota;c__Coriobacteriia;o__Coriobacteriales;f__Coriobacteriaceae;g__Collinsella;s__Collinsella sp905209455",0.0113675480482651,0.0743789669183125,0.0667253649127278,0.0189741660559532,0.0266214273886828,0.0263227290629784,0.0101193652904266,0.0867959394471034,0.0201185120707266,0.0335174780271004,0,0.0441326380292883,0.0212017697907155,0.0488155588829386,0.0498266760386702,0.0359278759975926
"t__d__Bacteria;p__Actinobacteriota;c__Coriobacteriia;o__Coriobacteriales;f__Coriobacteriaceae;g__Collinsella;s__Collinsella sp905209765",0.0468724546979626,0.0262641078075112,0.0723847168992674,0.0149257307350895,0.0303445792249563,0.0193381766196763,0.0360981069070689,0.0503656690889092,0.0724070410616423,0.0485669351636124,0.0481840290598332,0.0490158410775657,0.0876455263440284,0.0199233863962929,0.112110668690923,0.0489631313182893
"t__d__Bacteria;p__Actinobacteriota;c__Coriobacteriia;o__Coriobacteriales;f__Coriobacteriaceae;g__Collinsella;s__Collinsella sp905214425",0.0211612740532675,0.00588931509231339,0.0458858145329052,0.140759708830777,0.0417358291291413,0.0162903118263577,0.0257590852840497,0.0653582728710785,0.0813930604132636,0.00638156335501754,0.0242807267656593,0.0219675058951062,0.00589177581837558,0.0862223217283795,0.0803675640582585,0.0446229419769301
"t__d__Bacteria;p__Actinobacteriota;c__Coriobacteriia;o__Coriobacteriales;f__Coriobacteriaceae;g__Collinsella;s__Collinsella sp905214435",0.108207930644522,0.0921216574024796,0.0332061738640565,0.252503792181569,0,0.0236472268447128,0.0616716326265954,0.0907107868007925,0.147239070617657,0.101233827013914,0.0663277394298201,0.123513997106913,0.14313427655924,0.0316208838127723,0.239512761581582,0.100976783765775
"t__d__Bacteria;p__Actinobacteriota;c__Coriobacteriia;o__Coriobacteriales;f__Coriobacteriaceae;g__Collinsella;s__Collinsella sp905214895",0.00942462529511774,0.0028226894821147,0.0514150950476353,0.0328048880298785,0.0579918125563016,0.0160932516026518,0.0365127641915297,0.246176982806535,0.0485935442514543,0.0872123495286296,0.0284936691816097,0.00718570519972647,0.0436966566076703,0.0961508195140621,0.0450313380145502,0.0539737460872978
"t__d__Bacteria;p__Actinobacteriota;c__Coriobacteriia;o__Coriobacteriales;f__Coriobacteriaceae;g__Collinsella;s__Collinsella sp905215065",0.00421801411809465,0.0618183683406837,0.0253988971894129,0.0616356296474029,0.00718722251999983,0.00712701142403151,0.0105688370213187,0.113997084250723,0.029950342453979,0.130512458374607,0.113579740763119,0.0520201422167224,0.0560067130155255,0.0109316543231138,0.107193093919957,0.0528096806385794
"t__d__Bacteria;p__Actinobacteriota;c__Coriobacteriia;o__Coriobacteriales;f__Coriobacteriaceae;g__Collinsella;s__Collinsella sp905215115",0.127385861111938,0.0109309846249757,0.0475731326865053,0.108922396538355,0.0154568336675552,0.0863083376334373,0.0259311189958691,0.30601567631195,0.241980450221043,0.256168296329095,0.122508745349089,0.250041526006908,0.0447272278782945,0.0679038367165647,0.415611949407642,0.141831091565281
"t__d__Bacteria;p__Actinobacteriota;c__Coriobacteriia;o__Coriobacteriales;f__Coriobacteriaceae;g__Collinsella;s__Collinsella sp905215195",0.0406329690453168,0.0204042916514259,0.224452778892718,0.0709762559810388,0.0666612171421499,0.0122057908259073,0.0560369281669016,0.145360176047884,0.0985391807227541,0.229474751667199,0.061615837537107,0.111906829600562,0.124600684789608,0.185093988364207,0.106593685628284,0.103637024404204
"t__d__Bacteria;p__Actinobacteriota;c__Coriobacteriia;o__Coriobacteriales;f__Coriobacteriaceae;g__Collinsella;s__Collinsella sp905215385",0.0259850383136818,0.0104640389559104,0.0830351233644663,0.0670617319241914,0.0284985358611834,0.035334095661744,0.0314842377452632,0.161705120473098,0.062186221968796,0.0422094833339018,0.00564174649795873,0.0997520198561062,0.0476020412180554,0.0190893630351158,0.173191226172774,0.0595493349588164
"t__d__Bacteria;p__Actinobacteriota;c__Coriobacteriia;o__Coriobacteriales;f__Coriobacteriaceae;g__Collinsella;s__Collinsella sp905215765",0.0156468577286647,0.0266976876175198,0.229925625076133,0.0408866685909013,0.0249177151625189,0.0596221916566523,0.100404567031402,0.275951730435494,0.00565919068995952,0.0794078272892604,0.0202807880645575,0.0389609442851141,0.080178226919084,0.0810995421990486,0.0618542768253284,0.0760995893047759
"t__d__Bacteria;p__Actinobacteriota;c__Coriobacteriia;o__Coriobacteriales;f__Coriobacteriaceae;g__Collinsella;s__Collinsella sp905216075",0,0.0775549118918747,0.0873938576176796,0.044866715119338,0,0.0226639619922821,0.0562906714690947,0.153417158002131,0.0679218357787707,0.107962686822928,0.049893233248661,0.104684330072616,0.0218837387539664,0.115210922936652,0.216870541777864,0.0751076376989238
"t__d__Bacteria;p__Actinobacteriota;c__Coriobacteriia;o__Coriobacteriales;f__Coriobacteriaceae;g__Enorma;s__Enorma sp900538305",0.00326237029446383,0.00192659758303068,0.0262061363970974,0,0.00920049623068765,0.0171977776880688,0,0.0567286072023127,0.0326297327601044,0.106691456513235,0,0.0326685377531655,0.00478706785243016,0.00499959508062558,0.0459522116565411,0.0228167058007842
"t__d__Bacteria;p__Actinobacteriota;c__Coriobacteriia;o__Coriobacteriales;f__Eggerthellaceae;g__Aphodovivens;s__Aphodovivens sp900550385",0.0332600288161204,0.0219359563179525,0.0886986771908425,0.00604306020051951,0.0247411911468489,0.0454538775145039,0.0450673462678798,0.2344376299737,0.0314532339917103,0.0599452100194724,0.0736876682691831,0.0498701074906115,0.0320833182625375,0.0634289376495046,0.116761383062996,0.0617911750782922
"t__d__Bacteria;p__Actinobacteriota;c__Coriobacteriia;o__Coriobacteriales;f__Eggerthellaceae;g__Aveggerthella",0.0279303370710154,0.00378350933087642,0.0690005479834853,0.0195041054490292,0.00142722379201803,0.00683751377171761,0.0156890718665509,0.239001415677477,0.0280857237593528,0.0179298608948118,0.0730027913518051,0.0304736403808411,0.0601477745896314,0.00670580610020415,0.0354881589528751,0.0423338320647795
"t__d__Bacteria;p__Actinobacteriota;c__Coriobacteriia;o__Coriobacteriales;f__Eggerthellaceae;g__Aveggerthella;s__Aveggerthella stercoripullorum",0.0187243944431634,0.0151865560843775,0.0354337139791308,0.0196724664178887,0.00949551684308398,0.038733068952501,0,0.0930540864805431,0.0125327675415244,0.0287354434534107,0,0.0356241741924521,0,0.0468004252941013,0.0613578996421665,0.0276900342216229
"t__d__Bacteria;p__Actinobacteriota;c__Coriobacteriia;o__Coriobacteriales;f__Eggerthellaceae;g__CAJFUR01",0.0226909497870802,0.0335684626993475,0.138031596315278,0.02965768597498,0.00338965650604282,0.0331148758147627,0.0301098077710039,0.198332781363564,0.0118377273581124,0.124637828488996,0.0763788434104783,0.0739815838926492,0.0812155953810315,0.0825101703297932,0.0765325228068137,0.0677326725266622
"t__d__Bacteria;p__Actinobacteriota;c__Coriobacteriia;o__Coriobacteriales;f__Eggerthellaceae;g__CAJFUR01;s__CAJFUR01 sp904420575",0.0183508329063591,0.0176221643131429,0.0464410559755327,0.0906416668620509,0.0386783538014434,0.0350190813814182,0.0225477760940287,0.144199899288412,0.0593264749651944,0.0695603188094878,0.0229833567164936,0.0513135346187081,0.0535992898440033,0.0377122682476801,0.0545886983865478,0.0508389848140335
"t__d__Bacteria;p__Actinobacteriota;c__Coriobacteriia;o__Coriobacteriales;f__Eggerthellaceae;g__Eggerthella",0.0708913111722451,0.00310071517162757,0.177197683788339,0.143375333422601,0.114509710083412,0.0795605324028082,0,0.184926049021619,0.0754738947147868,0.103640277123115,0.0594537865857937,0.158716511923631,0.104139927928221,0.0471385644460617,0.0950848557051717,0.0944806102326289
"t__d__Bacteria;p__Actinobacteriota;c__Coriobacteriia;o__Coriobacteriales;f__Eggerthellaceae;g__Eggerthella;s__Eggerthella lenta",0.0560831904271025,0.0184655897940249,0.102478170513839,0.0780979117417216,0,0.0524983050505215,0.0257837818916423,0.18825735264908,0.118150958329022,0.0688454054799416,0.0393734669003524,0.164161213935605,0.0176492905670405,0.0865988901845658,0.0660167829580267,0.0721640206948324
"t__d__Bacteria;p__Actinobacteriota;c__Coriobacteriia;o__Coriobacteriales;f__Eggerthellaceae;g__Gordonibacter;s__Gordonibacter sp003339845",0.0136885524082741,0.0356733953415859,0.150547989610725,0.0145756202843095,0.0778566734622148,0.0206220917491551,0.0426339380095952,0.0471532325364594,0.0665390250617228,0.00538444408079605,0.0616126366217454,0.0746529858081551,0.0427458569914777,0.0556832937772176,0.0555967613380583,0.0509977664720994
"t__d__Bacteria;p__Actinobacteriota;c__Coriobacteriia;o__Coriobacteriales;f__Eggerthellaceae;g__Gordonibacter;s__Gordonibacter urolithinfaciens",0.0638044313787707,0.0462915942206528,0.189990208550866,0.0891973080069115,0.0558182173341385,0.136697352581683,0.0464366082003557,0.195266875820724,0.060589486188113,0.0634129931706621,0.136007999264371,0.0580399005249227,0.0978073655771879,0.0482749126912577,0.14971107565308,0.0958230886109131
"t__d__Bacteria;p__Actinobacteriota;c__Coriobacteriia;o__Coriobacteriales;f__Eggerthellaceae;g__Rubneribacter;s__Rubneribacter sp002159915",0.0480280319698675,0.0288631759279238,0.167003695544584,0.0437165737342353,0.0128322710585907,0.0935137008985128,0.0184449744297363,0.120801827458249,0.0498274794658362,0.0876104384303356,0.101289229836695,0.0521256408912544,0.0141425434325311,0.0261886465015356,0.0237822097098688,0.0592113626193171
"t__d__Bacteria;p__Actinobacteriota;c__Coriobacteriia;o__Coriobacteriales;f__Eggerthellaceae;g__Slackia",0.400687080566345,0.11644400790691,0.569487461411729,0.261846853126305,0.027013237114266,0.167693827290557,0.230117955487874,0.194744416525262,0.278117907661414,0.180559347526243,0.111830855030121,0.236796944595841,0.0895952796242079,0.0796006511792378,0.169699315463594,0.207615676033994
"t__d__Bacteria;p__Actinobacteriota;c__Coriobacteriia;o__Coriobacteriales;f__Eggerthellaceae;g__Slackia_A;s__Slackia_A sp900553775",0.167694664281081,0.0753036169618233,0.153085130537166,0.081273238431378,0.112945439287997,0.116573518235984,0.123216345783311,0.210301225051947,0.135082346303594,0.124824470813881,0.0703736880563461,0.144044713203738,0.0466482636723128,0.100124809007294,0.106212820013286,0.117846952642743
"t__d__Bacteria;p__Actinobacteriota;c__Coriobacteriia;o__Coriobacteriales;f__Eggerthellaceae;g__Slackia;s__Slackia exigua",0.304052469460573,0.116645631056544,0.289403937449045,0.287193976579569,0.168501963676179,0.181924814782716,0.361257937565996,0.275835918378264,0.150482120433456,0.229990689955567,0.213058935090408,0.342446723697226,0.0370528366093424,0.213915672944489,0.357578502935444,0.235289475374321
"t__d__Bacteria;p__Actinobacteriota;c__Coriobacteriia;o__Coriobacteriales;f__Eggerthellaceae;g__UMGS1519",0.0365360848584342,0.0113800291543195,0.0728107717938375,0.0903902013150539,0.0441732470334922,0.115487690382556,0.0102817471754368,0.173902052086975,0.0592760967000463,0.108689936767273,0.0617726275730848,0.0105603252713017,0.0866628588473985,0.048933569904126,0.0709669019986924,0.0667882760574685
"t__d__Bacteria;p__Actinobacteriota;c__Coriobacteriia;o__Coriobacteriales;f__Eggerthellaceae;g__UMGS1519;s__UMGS1519 sp900552585",0.00687524486083832,0.00583159806200781,0.0753140306705578,0.0366278610066278,0.0585525571490324,0.0832347715839024,0.0049291634847327,0.239669116795855,0,0.0529730169183488,0.0505963440499233,0.0411700373197046,0.0114825098650818,0.072932059627465,0.0630274274746567,0.0535477159245823
"t__d__Bacteria;p__Actinobacteriota;c__Coriobacteriia;o__Coriobacteriales;f__UMGS124;g__UMGS124;s__UMGS124 sp900539345",0.0220636050698347,0,0.0331723245532878,0.0366476420043517,0,0,0.00824748922935666,0.0452655414362374,0.0350802264337195,0.0664263438373918,0.0185335201697649,0.0162319482402853,0.0166128074037169,0.0207551125126948,0.119210901447236,0.0292164974891919
"t__d__Bacteria;p__Bacteroidota;c__Bacteroidia;o__Bacteroidales;f__Bacteroidaceae;g__Alloprevotella;s__Alloprevotella rava",0.0393905887904847,0.253770998899566,0.352076342005984,0.244326260416762,0.170100026418025,0.181308585266657,0.217936940770514,0.123640219285305,0.186238409711675,0.262751825407528,0.214987025052935,0.284730507473313,0.266539124591225,0.196076818421484,0.0910510533088956,0.205661648388024
"t__d__Bacteria;p__Bacteroidota;c__Bacteroidia;o__Bacteroidales;f__Bacteroidaceae;g__Alloprevotella;s__Alloprevotella sp000318095",0.00898816305617586,0.0427058423160022,0.0555746152699294,0.0717854245413886,0.0936469584057048,0.056615958615011,0,0.0477513710751305,0.0946483625051362,0.0669088766215994,0.00501488577596331,0.0338989751655578,0.136739608532178,0.0447312256834758,0.0897144420941307,0.0565816473104922
"t__d__Bacteria;p__Bacteroidota;c__Bacteroidia;o__Bacteroidales;f__Bacteroidaceae;g__Alloprevotella;s__Alloprevotella sp000438115",0.0464115061648354,0.0303668959023835,0.0254716063534174,0.0548556969989159,0.0177956966567248,0.0509337900626747,0.0249952739307466,0.154558474610864,0.0300668905280172,0.0856930928785718,0.0776547485604058,0.0318841756632221,0.0329195388097546,0.0330107193046662,0.10275788185996,0.053291732552344
"t__d__Bacteria;p__Bacteroidota;c__Bacteroidia;o__Bacteroidales;f__Bacteroidaceae;g__Alloprevotella;s__Alloprevotella sp002933955",0.0679293696422048,0.0302164486042672,0.0629080449912513,0.0171043964820157,0.0574439986706187,0.246393080760608,0.0555390669321189,0.201862786111443,0.0824489791727458,0.171062880278374,0.0715600188009142,0.0425424479875856,0.0218473291770465,0.0804656609499279,0.116067212686944,0.0883594480832043
"t__d__Bacteria;p__Bacteroidota;c__Bacteroidia;o__Bacteroidales;f__Bacteroidaceae;g__Alloprevotella;s__Alloprevotella sp003639005",0.0942516135810701,0.0315656649085832,0.155359865047654,0.0253969141317514,0.0209057462335148,0.125324880231329,0.0776625166453604,0.162859280306051,0.0625015685956435,0.0575676892912292,0.152713648607586,0.255962151377573,0,0.0936399555021439,0.0476698090575666,0.090892086901137
"t__d__Bacteria;p__Bacteroidota;c__Bacteroidia;o__Bacteroidales;f__Bacteroidaceae;g__Alloprevotella;s__Alloprevotella sp003859795",0.0424782745584681,0.112145364986703,0.12783117493969,0.0375373324767933,0.116696411951318,0.0197919842977611,0.0799885387407873,0.261521831801994,0.05068602319729,0.0904953425991639,0.181729286107995,0.24774946070508,0.0808120364296393,0.152768436962057,0.0176162345275236,0.107989848952151
"t__d__Bacteria;p__Bacteroidota;c__Bacteroidia;o__Bacteroidales;f__Bacteroidaceae;g__Alloprevotella;s__Alloprevotella sp004555425",0.104678191012239,0.0226577156537029,0.0992744501856919,0.0256338181529014,0.0279489357704469,0.045081776844285,0.0384160308746197,0.139386352457432,0.0257557485378271,0.0652029701322545,0.0172590224757179,0.00990030494184535,0.0447560235148403,0.0838012298850553,0.0721228229500238,0.0547916928925922
"t__d__Bacteria;p__Bacteroidota;c__Bacteroidia;o__Bacteroidales;f__Bacteroidaceae;g__Alloprevotella;s__Alloprevotella sp004557035",0.0409544662217176,0.0413639069250653,0.0339537879682451,0.0511240950857218,0.0132807402229454,0.0890093202965127,0.150649126435699,0.0951450489855664,0.0539288567080247,0.0527417410948447,0.224011680443657,0.0596392972250222,0.0334409230981789,0.0286275734781921,0.0940550328748807,0.0707950398042849
"t__d__Bacteria;p__Bacteroidota;c__Bacteroidia;o__Bacteroidales;f__Bacteroidaceae;g__Alloprevotella;s__Alloprevotella sp009775705",0.0261633267838849,0.0345337581132904,0.0800764763505735,0.104656900897638,0.024969069501484,0.0711686436349902,0.0394081917969816,0.281390872088071,0.0457205696714535,0.0560557381832607,0.111578910734666,0.0584365749960024,0.0227872903893289,0.0511959376100371,0.132229025011321,0.0760247523841989
"t__d__Bacteria;p__Bacteroidota;c__Bacteroidia;o__Bacteroidales;f__Bacteroidaceae;g__Alloprevotella;s__Alloprevotella sp018066245",0.0491853170692481,0.00585280387314238,0.119373534634879,0.00412239765616835,0.0509842271171335,0.105728306365039,0.0206938955012634,0.156723949488764,0.0511235889175016,0.0841183435082147,0.0329449087617921,0.0526195517828654,0.0853505284507738,0.123319174435256,0.0753053970507036,0.0678297283075163
"t__d__Bacteria;p__Bacteroidota;c__Bacteroidia;o__Bacteroidales;f__Bacteroidaceae;g__Alloprevotella;s__Alloprevotella sp900539625",0.027693380517613,0.0347860382982906,0.182012575814096,0.0600759151938689,0.0797472562270392,0.0893277381442545,0.0764154185469158,0.340624633660228,0.106403039507552,0.180180752115145,0.100309061646994,0.0537598882729616,0.0731924603504989,0.071491503727313,0.0778520829676861,0.10359144966603
"t__d__Bacteria;p__Bacteroidota;c__Bacteroidia;o__Bacteroidales;f__Bacteroidaceae;g__Alloprevotella;s__Alloprevotella sp900540885",0.0451175649558509,0.0490855171384747,0.0765218914259292,0.0601623246008478,0.067013873398359,0.0706659158225885,0.0536331161024447,0.345520351638924,0.140272979345342,0.137703620557756,0.200211708255995,0.0541422313204502,0.0475666368755944,0.122852261194827,0.172685916182923,0.10954372725442
"t__d__Bacteria;p__Bacteroidota;c__Bacteroidia;o__Bacteroidales;f__Bacteroidaceae;g__Alloprevotella;s__Alloprevotella sp900541575",0.106292247799645,0.0917293358969086,0.119111845069827,0.0488667195623559,0.0852333799582118,0.0679795792279725,0.0624668778881346,0.243958541678195,0.101865912554228,0.0789133917431086,0.164862898194294,0.0433205996350822,0.176483387323001,0.0284608206358897,0.125408800880759,0.102996955869841
"t__d__Bacteria;p__Bacteroidota;c__Bacteroidia;o__Bacteroidales;f__Bacteroidaceae;g__Alloprevotella;s__Alloprevotella sp900542795",0.165723640228279,0.0417028332699001,0.0667095814200191,0.0601399433938125,0.0342175102032489,0.107767890654282,0.0375675828480452,0.127246822745857,0.0233480478201459,0.119844004655248,0.162492425094177,0.092041224001492,0.0408637410874343,0.099646681710245,0.144888655895241,0.0882800390018284
"t__d__Bacteria;p__Bacteroidota;c__Bacteroidia;o__Bacteroidales;f__Bacteroidaceae;g__Alloprevotella;s__Alloprevotella sp900772575",0.0479696854220194,0.0595117852947204,0.118959386344306,0.00888355720633133,0.0403685841706177,0.0705605223884576,0.045400418695751,0.356715218321873,0.103981042135135,0.0420258281577465,0.0884406293436618,0.0402686117524655,0.0324456875287554,0.114347435274822,0.131656906231759,0.0867690198845615
"t__d__Bacteria;p__Bacteroidota;c__Bacteroidia;o__Bacteroidales;f__Bacteroidaceae;g__Alloprevotella;s__Alloprevotella sp905216095",0.0527260798379448,0.0133253590444132,0.0885807151297628,0.0921874821633064,0.0253336694292078,0.0500232727812793,0.0351734961193522,0.100206905490291,0.0423629392352233,0.141750878652756,0.0255997978658699,0.0254777078223713,0.0229549593868036,0.0601900003966964,0.132580940708347,0.060564946937575
"t__d__Bacteria;p__Bacteroidota;c__Bacteroidia;o__Bacteroidales;f__Bacteroidaceae;g__Alloprevotella;s__Alloprevotella tannerae",0.317032078845293,0.145323462370766,0.779189228549359,0.219947130403592,0.339743532728167,0.529427391828575,0.162455575405448,0.196913841718719,0.188405077572001,0.510807990149765,0.271023459642591,0.539817911098265,0.576711115502173,0.465617935133019,0.294744509640447,0.369144016039212
"t__d__Bacteria;p__Bacteroidota;c__Bacteroidia;o__Bacteroidales;f__Bacteroidaceae;g__Alloprevotella;s__Alloprevotella tannerae_A",0.0224336242972455,0.0392193479385263,0.0961014965608477,0.00412239765616835,0.033092464659396,0.0403137961741923,0.0620771297706242,0.197663426804325,0.0530172656067432,0.0430996683032554,0.0713349611507339,0.0883428245485747,0.0759355433708097,0.00562454446570378,0.205685300056804,0.0692042527575967
"t__d__Bacteria;p__Bacteroidota;c__Bacteroidia;o__Bacteroidales;f__Bacteroidaceae;g__Alloprevotella;s__Alloprevotella tannerae_B",0.063618696843484,0.270345411203203,0.0717724010390701,0.0911278838619729,0.252722115301727,0.0939656247125958,0.0701150446090488,0.150256754547329,0.205924719708979,0.0365042336906199,0.267157097053999,0.417458470387395,0.159273290866896,0.27816580542145,0.321809037450692,0.183347772446564
"t__d__Bacteria;p__Bacteroidota;c__Bacteroidia;o__Bacteroidales;f__Bacteroidaceae;g__Bacteroides_E",0.0346518457842384,0.131327065933994,0.111470113672937,0.0239660417120244,0.0741971382266787,0.371463228043352,0.106797499381873,0.309423086397775,0.0981207036947396,0.0604983165264391,0.113525402230848,0.144286548779534,0.0974212640951954,0.0841906106777,0.272864436619534,0.135613553451791
"t__d__Bacteria;p__Bacteroidota;c__Bacteroidia;o__Bacteroidales;f__Bacteroidaceae;g__Bacteroides;s__Bacteroides caccae",0.0949488596793251,0.05135429920628,0.115331474625032,0.110202340483977,0.0593997265846233,0.077057191213461,0.152573284009247,0.248204465253562,0.0838972125172124,0.104590173805048,0.184557636878553,0.101817532659802,0.0594843518307496,0.048261573204895,0.138546951500957,0.108681804896848
"t__d__Bacteria;p__Bacteroidota;c__Bacteroidia;o__Bacteroidales;f__Bacteroidaceae;g__Bacteroides;s__Bacteroides cellulosilyticus",0.037491033891648,0.0387444267561266,0.0692953014323579,0.103673509729105,0.0532309719382798,0.0449281450723008,0.062449708716448,0.201195506476677,0.0376404825972021,0.101803340642358,0.0718346077329551,0.110231603475142,0.0657731925104366,0.0740751624887661,0.0480530341784618,0.0746946685092177
"t__d__Bacteria;p__Bacteroidota;c__Bacteroidia;o__Bacteroidales;f__Bacteroidaceae;g__Bacteroides;s__Bacteroides faecis",0.0754336711595557,0.0640588283281824,0.0660108460914784,0.0597229744773461,0.12644875891099,0.105668491332542,0.0168487432085603,0.147957687101359,0.0242662445387158,0.134227891482638,0.107410657931283,0.0792982069201727,0.0737244579735145,0.110370867029929,0.155567346990694,0.089801044898464
"t__d__Bacteria;p__Bacteroidota;c__Bacteroidia;o__Bacteroidales;f__Bacteroidaceae;g__Bacteroides;s__Bacteroides intestinalis_A",0.114248589461766,0.0222340005887763,0.070655887434942,0.105249719167802,0.0745731912958545,0.168997263607405,0.0434044346590875,0.166033569197652,0.0504828984603343,0.106997587111856,0,0.103278617141483,0.0845419040548644,0.161664239898114,0.220786570228113,0.0995432314872032
"t__d__Bacteria;p__Bacteroidota;c__Bacteroidia;o__Bacteroidales;f__Bacteroidaceae;g__Bacteroides;s__Bacteroides massiliensis_B",0.0916855754426353,0.0558784193545591,0.0816178527342116,0.112302573634804,0.0460516259302208,0.137206352126217,0.0815662944310206,0.207381104538125,0.0210371286172326,0.111836415972223,0.132128848812919,0.0439668788829187,0.0954138016343686,0.160625746291846,0.166798076479945,0.103033112992216
"t__d__Bacteria;p__Bacteroidota;c__Bacteroidia;o__Bacteroidales;f__Bacteroidaceae;g__Bacteroides;s__Bacteroides pyogenes",0.168250404617468,0.184043604721923,0.364144183200508,0.103825554186082,0.215090448864304,0.524968609599547,0.122178225716992,0.282791201118149,0.0915945586830485,0.222520816247453,0.319336261373523,0.237921903567994,0.150828117355296,0.1628578999508,0.265599661305196,0.227730096700552
"t__d__Bacteria;p__Bacteroidota;c__Bacteroidia;o__Bacteroidales;f__Bacteroidaceae;g__Bacteroides;s__Bacteroides salyersiae",0.0886079968133668,0.039589076834079,0.146291603080247,0.204337934096855,0.0452134572307309,0.0437129659150355,0.0176626576300461,0.316355391830918,0.105737189109131,0.0635525151759323,0.249088713046431,0.158533101632133,0.0988630731268293,0.0594521434733687,0.0862526871074824,0.114883367073506
"t__d__Bacteria;p__Bacteroidota;c__Bacteroidia;o__Bacteroidales;f__Bacteroidaceae;g__Bacteroides;s__Bacteroides sp014385165",0.0385364133403473,0.108525621059231,0.123583823403682,0.00891407869651462,0.0269814870531114,0.161426771317622,0.0280088250918367,0.166190191198241,0.11127313563996,0.105126396415177,0.0713445250461391,0.106949219721404,0.0361952286838375,0.0186651549676688,0.176120559931339,0.0858560954377408
"t__d__Bacteria;p__Bacteroidota;c__Bacteroidia;o__Bacteroidales;f__Bacteroidaceae;g__Bacteroides;s__Bacteroides sp900552405",0.0631414862790382,0.0146295014143325,0.144758853309607,0.0923634770973192,0.160232963262429,0.00670960204109076,0.0172396204400787,0.22907449532934,0.0250682832652513,0.11880303092599,0.124907314115552,0.012870396424399,0.0729652666853596,0.0150622080565944,0.055074417234137,0.0768600610587012
"t__d__Bacteria;p__Bacteroidota;c__Bacteroidia;o__Bacteroidales;f__Bacteroidaceae;g__Bacteroides;s__Bacteroides sp900556625",0.0313370821794252,0.0963621348716841,0.102290232295229,0.0750132252917801,0.0915621853734276,0.0606894590943359,0.0592014704882493,0.278747214444249,0.177574190590022,0.0766026557428866,0.185283732646948,0.209083027596438,0.0485169656099639,0.167636908839409,0.0974023942709062,0.117153525288997
"t__d__Bacteria;p__Bacteroidota;c__Bacteroidia;o__Bacteroidales;f__Bacteroidaceae;g__Bacteroides;s__Bacteroides sp905215555",0.0314296327715012,0.0200965508668066,0.0508317090948911,0.0411204121201932,0.0740996462124733,0.0436504353304551,0.0381644633810374,0.208521187549109,0.0233121719983601,0.0735704587193587,0.0808875255872341,0.0368639760125014,0.0628582412517993,0.0708208735529721,0.170098728122097,0.068421734171386
"t__d__Bacteria;p__Bacteroidota;c__Bacteroidia;o__Bacteroidales;f__Bacteroidaceae;g__Bacteroides;s__Bacteroides thetaiotaomicron",0.0407984941087419,0.0204221261549337,0.174636315483662,0.0380751246961991,0.125847105705391,0.0601321857550634,0.0400974699510991,0.185006591663398,0.0134983164470826,0.0586646742571405,0.036563896292647,0.0731926838024918,0.104488102195287,0.0712074544676104,0.134587843454126,0.0784812256289916
"t__d__Bacteria;p__Bacteroidota;c__Bacteroidia;o__Bacteroidales;f__Bacteroidaceae;g__Bacteroides;s__Bacteroides timonensis",0.0475555735320863,0.031035886277398,0.124376598997858,0.0197348823965506,0.0401275440917139,0.0648131911678118,0.0232755946228517,0.166377691201194,0.0749960928385666,0.0688644810179584,0.108464855947932,0.127873861259819,0.052089754570236,0.0648074719290926,0.102630045517103,0.0744682350245448
"t__d__Bacteria;p__Bacteroidota;c__Bacteroidia;o__Bacteroidales;f__Bacteroidaceae;g__Ga6A1",0.0556419256381003,0.0196731920482713,0.0521012508971954,0.193139853500132,0.0347555917404863,0.0856525321913998,0.0423348809584544,0.306184763218287,0.0293637183328831,0.0644848522570641,0.100094220857538,0.0565202764761341,0.118402913796232,0.00728512426034013,0.165101824101461,0.088715794684932
"t__d__Bacteria;p__Bacteroidota;c__Bacteroidia;o__Bacteroidales;f__Bacteroidaceae;g__HGM04593",0.0552241439263678,0.0814644202815293,0.137685304516415,0.0734418335443876,0.105159826074945,0.507997449859369,0.0660396077480059,0.274394605533945,0.167451996924722,0.243862209609662,0.346374617322461,0.178182060916565,0.242710192445388,0.184342840770091,0.0622251867257227,0.181770419746638
"t__d__Bacteria;p__Bacteroidota;c__Bacteroidia;o__Bacteroidales;f__Bacteroidaceae;g__HGM04593;s__HGM04593 sp017467885",0.0324108769996966,0.0559963107319344,0.124206271977517,0.326377461621485,0.131034080185506,0.097202906781418,0.126154931260218,0.264039167934113,0.343340914396067,0.09759745247199,0.271516768526599,0.108510044010992,0.14847634122886,0.108987435350536,0.24322709653642,0.165271870667557
"t__d__Bacteria;p__Bacteroidota;c__Bacteroidia;o__Bacteroidales;f__Bacteroidaceae;g__OM05-12;s__OM05-12 sp003438995",0.0588836628736833,0.0548010939694982,0.157160740493963,0.11093988668178,0.115467934739855,0.0578894313936024,0.00991421815772068,0.225636005660888,0.0660681520751514,0.0578182610556654,0.0341544424725403,0.0328481145201376,0.0761239257126045,0.0488250054824308,0.0716780805336751,0.0785472637215463
"t__d__Bacteria;p__Bacteroidota;c__Bacteroidia;o__Bacteroidales;f__Bacteroidaceae;g__Paraprevotella;s__Paraprevotella clara",0.0580890587027532,0.0193419901636805,0.148299622494241,0.106561092796257,0.0285900620800875,0.0616347061589425,0.0368810801697672,0.279493496046072,0.0497377773764683,0.192088799986949,0.0595961691841945,0.0533607864364852,0.0716315082952718,0.0178803880466843,0.0749907850503526,0.0838784881992138
"t__d__Bacteria;p__Bacteroidota;c__Bacteroidia;o__Bacteroidales;f__Bacteroidaceae;g__Paraprevotella;s__Paraprevotella sp900548345",0.0524613459554884,0.0497826683394559,0.0775942532483723,0.0506653460397059,0.0549915658939725,0.0781576394394182,0.076522028880897,0.133423566791842,0.0508122253448986,0.131416943403061,0.144642712005821,0.0922020897430009,0.0391059387472089,0.12858049095808,0.0846389204262385,0.0829998490144975
"t__d__Bacteria;p__Bacteroidota;c__Bacteroidia;o__Bacteroidales;f__Bacteroidaceae;g__Paraprevotella;s__Paraprevotella sp910584955",0.0386182289427281,0.101476437011774,0.101318886062511,0.45895395183099,0.054466427962888,0.137209187206488,0.0765329629518262,0.35264513748547,0.165275862155008,0.158649871214304,0.0937041980437313,0.178299439617673,0.141014942086032,0.294659365136565,0.362639358110485,0.181030950387898
"t__d__Bacteria;p__Bacteroidota;c__Bacteroidia;o__Bacteroidales;f__Bacteroidaceae;g__Paraprevotella;s__Paraprevotella xylaniphila",0.0186281221883692,0.00604807991251844,0.113489995152346,0.0695909406978695,0.0298667085440865,0.0902322625723145,0.00809445964404633,0.288592352256636,0.0598483193575362,0.0531784430266366,0.0674663301739346,0.0641879369916289,0.112181175093197,0.0656473778531712,0.0482446958953825,0.0730198132906449
"t__d__Bacteria;p__Bacteroidota;c__Bacteroidia;o__Bacteroidales;f__Bacteroidaceae;g__Phocaeicola;s__Phocaeicola barnesiae",0.0640890894399937,0.0318897641839116,0.177912349886461,0.0718268928018458,0.0443068704843717,0.106758368105139,0.042961331304298,0.0712434507649981,0.069619109054712,0.108808776895889,0.106740113682404,0.149374176942423,0.0357119092055864,0.0469497448170976,0.0365096557349158,0.0776467735536031
"t__d__Bacteria;p__Bacteroidota;c__Bacteroidia;o__Bacteroidales;f__Bacteroidaceae;g__Phocaeicola;s__Phocaeicola caecigallinarum_A",0.0281007313154373,0.00885654465032202,0.0787991810751389,0.0889808824345076,0,0.0914263893644676,0.0402273849588837,0.239582759993656,0.0359753859126544,0.0897661271583461,0.0174408829910014,0.0490648389898498,0.00654641757597287,0.0304116942799761,0.0720608590056534,0.0584826719803911
"t__d__Bacteria;p__Bacteroidota;c__Bacteroidia;o__Bacteroidales;f__Bacteroidaceae;g__Phocaeicola;s__Phocaeicola excrementigallinarum",0.0562541177875623,0.0340701379124998,0.1520116343609,0.0734385143111068,0.0445962289778994,0.0669100847140064,0.0512798880090604,0.334116138737909,0.0572851746373475,0.180503001565259,0.145850034740321,0.0847452226067748,0.110428066471508,0.101807391228737,0.209348786968103,0.113509628201933
"t__d__Bacteria;p__Bacteroidota;c__Bacteroidia;o__Bacteroidales;f__Bacteroidaceae;g__Phocaeicola;s__Phocaeicola ilei",0.0264617981716059,0.0379023204181824,0.0276433104935705,0.0276014670136685,0.0205066468349206,0.0598123085270634,0.0321230638770997,0.0844641608697067,0.043825623513572,0.045785813790746,0.0865804981448183,0.0960049581882997,0.0501461899285961,0.0539459501170696,0.0305609543704096,0.0482243376172886
"t__d__Bacteria;p__Bacteroidota;c__Bacteroidia;o__Bacteroidales;f__Bacteroidaceae;g__Phocaeicola;s__Phocaeicola mediterraneensis",0.0425856094872311,0.0402481357249169,0.0401876187385789,0.0593002181318915,0.0208735843647559,0.163332879001039,0.0169426086136259,0.311559741183653,0.0441979965037427,0.054342086643041,0.163080418108081,0.0852913306693361,0.0919215845829282,0.064522160549254,0.106880105582982,0.0870177385256705
"t__d__Bacteria;p__Bacteroidota;c__Bacteroidia;o__Bacteroidales;f__Bacteroidaceae;g__Phocaeicola;s__Phocaeicola plebeius_A",0.0269211022880639,0.0575966523590941,0.0953246704885699,0.0488819430019547,0.0432366547043309,0.0140425425047324,0.0313125797275073,0.112656581751686,0.146328993981111,0.0473356452700968,0.0812212515060925,0.0236975720202895,0.145858761314839,0.0909138276799761,0.132201804209975,0.0731687055205546
"t__d__Bacteria;p__Bacteroidota;c__Bacteroidia;o__Bacteroidales;f__Bacteroidaceae;g__Phocaeicola;s__Phocaeicola sp015060705",0.140441008263682,0.200004260156035,0.170002883771818,0.133106558485243,0.238290675097905,0.34411327309243,0.107090182762613,0.363061881038823,0.430366041986924,0.188610797186474,0.361217088482983,0.101805024958009,0.338387713023289,0.112217150760265,0.282166756703215,0.234058753051314
"t__d__Bacteria;p__Bacteroidota;c__Bacteroidia;o__Bacteroidales;f__Bacteroidaceae;g__Phocaeicola;s__Phocaeicola sp015060735",0.0406731855443502,0.00610877048754324,0.11123224937834,0.123322977520685,0.081997135828829,0.102064691788677,0.0429143215444956,0.171968814926017,0.0402717310817893,0.0247163628867222,0.0406364208721018,0.0482946303925065,0.0896621682250356,0.0795608640234167,0.100086556381976,0.0735673920588324
"t__d__Bacteria;p__Bacteroidota;c__Bacteroidia;o__Bacteroidales;f__Bacteroidaceae;g__Phocaeicola;s__Phocaeicola sp015060765",0.0138614000610329,0.0378740011025202,0.151760741121313,0.0677841648481881,0.0951817469258083,0.123017479786675,0.0806677312515045,0.186489096118623,0.0302195139978419,0.102697543092115,0.0201868071355988,0.0736856633080771,0.0109762338566332,0.0776677389163461,0.0414913251802042,0.0742374124468321
"t__d__Bacteria;p__Bacteroidota;c__Bacteroidia;o__Bacteroidales;f__Bacteroidaceae;g__Phocaeicola;s__Phocaeicola sp017416735",0.0257591158448822,0.033816803294712,0.0977131303659235,0.0788088887886662,0.0186932933467843,0.0553392814129423,0.0423697088960452,0.115923153867219,0.0236236472970102,0.0965491259983607,0.128534679613443,0.0607465051234649,0.109029484249347,0.111533088641395,0.151614117261122,0.0766702682667544
"t__d__Bacteria;p__Bacteroidota;c__Bacteroidia;o__Bacteroidales;f__Bacteroidaceae;g__Phocaeicola;s__Phocaeicola sp017466635",0.0232802738032452,0.0834448834464086,0.204873858062618,0.0611278595305505,0.0615719554578608,0.12913102429145,0.0574040397952189,0.246310901170272,0.11959947510158,0.20896667049637,0.144239641091359,0.201741205871006,0.17057631740492,0.0643964243575796,0.143967463558547,0.128042132895932
"t__d__Bacteria;p__Bacteroidota;c__Bacteroidia;o__Bacteroidales;f__Bacteroidaceae;g__Phocaeicola;s__Phocaeicola sp017472925",0.0966665932058329,0.0533917690603778,0.0369829900134449,0.0742860820916139,0.0496491013278915,0.0251540919171537,0.072109974677773,0.242926048718912,0.12255303588868,0.0355932732094181,0.0870593781194348,0.0256814870806171,0.158736691959609,0.078261051079277,0.0450316618412483,0.0802722153460856
"t__d__Bacteria;p__Bacteroidota;c__Bacteroidia;o__Bacteroidales;f__Bacteroidaceae;g__Phocaeicola;s__Phocaeicola sp017503235",0.0409315289748385,0.0709306919496621,0.164337199955423,0,0.0292370328445606,0.201701089583645,0.0532019318407434,0.221989708026095,0.0616499709950497,0.108179842565777,0.120707282927906,0.0954852713594166,0.0929995829182241,0.0731207074103305,0.184904621605393,0.101291764197138
"t__d__Bacteria;p__Bacteroidota;c__Bacteroidia;o__Bacteroidales;f__Bacteroidaceae;g__Phocaeicola;s__Phocaeicola sp017558175",0.0502427847041507,0.0816924855540157,0.842945772378442,0.180893995083928,0.0481626136906979,0.423477822007475,0.0291694992532883,0.183830482998183,0.212169146134381,0.294146864417674,0.197200738526241,0.177526289935896,0.164774283376892,0.0343456024692609,0.16574629224284,0.205754978184891
"t__d__Bacteria;p__Bacteroidota;c__Bacteroidia;o__Bacteroidales;f__Bacteroidaceae;g__Phocaeicola;s__Phocaeicola sp017559935",0.0778923701400273,0.0184573801023721,0.191139829349855,0.01776869388011,0.0494451199061216,0.045076177423512,0.0854856989667613,0.289858201561302,0.0262816062718345,0.0613399105354832,0.162265568390563,0.0751926833388066,0.0551750102207013,0.0728782251897013,0.100042416231531,0.0885532594339122
"t__d__Bacteria;p__Bacteroidota;c__Bacteroidia;o__Bacteroidales;f__Bacteroidaceae;g__Phocaeicola;s__Phocaeicola sp900544675",0.0175071908526981,0.0408434670223904,0.0803958905087905,0.102972123029475,0.0861289633863334,0.119965897485973,0.0572027465458016,0.0909210841181371,0.0444803393049384,0.089385912600432,0.178208759392322,0.092889181978587,0.104009924611298,0.0973137273109013,0.183065722933047,0.0923527287387416
"t__d__Bacteria;p__Bacteroidota;c__Bacteroidia;o__Bacteroidales;f__Bacteroidaceae;g__Phocaeicola;s__Phocaeicola sp900552075",0.0187985118436903,0.0459159784290498,0.150036651841804,0,0.113908963265586,0.158326041534859,0.0189003709482432,0.136441495707834,0.133820112398229,0.0548277344788,0.0283960585240575,0.0221236120473242,0.0668768580251701,0.076533517521072,0.0704679746597516,0.0730249254150314
"t__d__Bacteria;p__Bacteroidota;c__Bacteroidia;o__Bacteroidales;f__Bacteroidaceae;g__Phocaeicola;s__Phocaeicola sp900553185",0.02778062810851,0.0346123669152498,0.0679887480454921,0.0970972305147333,0.0932011594840813,0.0799225228702316,0.0534680799726558,0.168275650548239,0.0568591588920213,0.0662125965181479,0.0798337950142898,0.063233569646383,0.0650381286815322,0.0638740252432462,0.0557554746910765,0.0715435423430593
"t__d__Bacteria;p__Bacteroidota;c__Bacteroidia;o__Bacteroidales;f__Bacteroidaceae;g__Prevotella;s__Prevotella aurantiaca",0.194259613981436,0.0482420556226449,0.101095473234386,0.0557113473571107,0.0143065026183617,0.0299414260257491,0.0907532586305954,0.286583468711071,0.111737219164204,0.0929626719911088,0.0629722859185477,0.0797713149653217,0.14404238344909,0.198532961636204,0.144081230156351,0.110332880897479
"t__d__Bacteria;p__Bacteroidota;c__Bacteroidia;o__Bacteroidales;f__Bacteroidaceae;g__Prevotella;s__Prevotella bergensis",0.0958629245736916,0.0507082715700349,0.137157857184861,0.0184446636549729,0.127486723301663,0.0271010413860294,0.149326312635976,0.277593377287558,0.294577614290489,0.174792243294187,0.274432520095508,0.0881796447285625,0.0703139535846389,0.217215275239883,0.122955220025067,0.141743176190208
"t__d__Bacteria;p__Bacteroidota;c__Bacteroidia;o__Bacteroidales;f__Bacteroidaceae;g__Prevotella;s__Prevotella brunnea",0.041416076585024,0.0519395421665358,0.0912942460297304,0.0678389634026295,0.0983973088275295,0.0694311789568051,0.133063724219769,0.266687899783598,0.0600317884112055,0.0437633017762714,0.13675667469115,0.0379303990732331,0.136790090351038,0.0966411257985989,0.10884660909951,0.0960552619448418
"t__d__Bacteria;p__Bacteroidota;c__Bacteroidia;o__Bacteroidales;f__Bacteroidaceae;g__Prevotella;s__Prevotella copri",0.025788037591014,0.0401399764285972,0.0915853298432178,0.0764090604688754,0.0670477721945167,0.052672800848472,0.0791553837498377,0.131149275437454,0.0316991957502197,0.0718375102701472,0.0782273769161821,0.0608577090616189,0.0785998612134359,0.0501134402310967,0.166215632958781,0.0734332241975644
"t__d__Bacteria;p__Bacteroidota;c__Bacteroidia;o__Bacteroidales;f__Bacteroidaceae;g__Prevotella;s__Prevotella corporis",0.0540503071960082,0.0475789988738556,0.128863489726376,0.0966503797195681,0.0306562148528658,0.0383329922975793,0.0721743006087004,0.21291786109107,0.025074137765788,0.0228849424174289,0.09576655235251,0.0141097679319337,0.0991538616584947,0.124909260163641,0.0982490030019434,0.0774248046438509
"t__d__Bacteria;p__Bacteroidota;c__Bacteroidia;o__Bacteroidales;f__Bacteroidaceae;g__Prevotella;s__Prevotella dentasini",0.0288847837041259,0.038515246128724,0.262067482238314,0.0930405164944409,0.0353812206579014,0.124953081170551,0.177396665077297,0.274267742005836,0.0531211121049692,0.0903879785466539,0.0322739320423508,0.130456434102406,0.086819148451888,0.310931943935132,0.111956924237733,0.123363614059888
"t__d__Bacteria;p__Bacteroidota;c__Bacteroidia;o__Bacteroidales;f__Bacteroidaceae;g__Prevotella;s__Prevotella enoeca",0.0437576660939362,0.0432183828501919,0.217970645553348,0.0537409550415222,0.0287813407693239,0.116034196519883,0.102129095971637,0.118653755895862,0.0472477939582481,0.0837458974883512,0.111472212073452,0.0776370844832522,0.0541591033326332,0.00892716160069395,0.0314506371232721,0.0759283952503738
"t__d__Bacteria;p__Bacteroidota;c__Bacteroidia;o__Bacteroidales;f__Bacteroidaceae;g__Prevotella;s__Prevotella falsenii",0.0270997233830561,0.158856403042626,0.479613958891171,0.12278529179771,0.251727879353405,0.149578501904208,0.267555670537341,0.249399270961724,0.270404535038322,0.247462304229475,0.0621485571490963,0.00775860632177269,0.164897832901281,0.187614968516462,0.168842986765569,0.187716432719548
"t__d__Bacteria;p__Bacteroidota;c__Bacteroidia;o__Bacteroidales;f__Bacteroidaceae;g__Prevotella;s__Prevotella fusca",0.0455623040399408,0.0982808984281136,0.059262770160966,0.144521973182462,0.0482322613361269,0.0458161816193903,0.0774555701067794,0.361573256703464,0.112913431417509,0.0248120424393241,0.122397112037675,0.0719857729181931,0.110725153348371,0.0937277261758621,0.193719450437868,0.107399060290136
"t__d__Bacteria;p__Bacteroidota;c__Bacteroidia;o__Bacteroidales;f__Bacteroidaceae;g__Prevotella;s__Prevotella ihumii",0.12861708731319,0.00323536338300867,0.109262144038898,0.0427683396625933,0.0681783901783874,0.08105918721572,0.0534772095974841,0.160293954545261,0.0670486790200543,0.026185886170709,0.0467893846542088,0.0676718199104244,0.0943178740162696,0.083250764309189,0.115789969157081,0.0765297368781653
"t__d__Bacteria;p__Bacteroidota;c__Bacteroidia;o__Bacteroidales;f__Bacteroidaceae;g__Prevotella;s__Prevotella intermedia",0.0382020356557159,0.0846608616340425,0.121364235842222,0.0631229522238929,0.0844041578437939,0.127801550568223,0.113581583439818,0.185209555862907,0.0476621652225645,0.0640334074822475,0.0247833864017473,0.0633389863915278,0.0255310285462942,0.21888855207558,0.342035952598056,0.106974694119242
"t__d__Bacteria;p__Bacteroidota;c__Bacteroidia;o__Bacteroidales;f__Bacteroidaceae;g__Prevotella;s__Prevotella koreensis",0.0456596885667055,0.0755261905711032,0.0931473571186664,0.0442458889075516,0.0419875453927349,0.0689648138520671,0.053405740799521,0.459133998029585,0.0410774939666544,0.115958288732612,0.143481830238337,0.0609020400129567,0.0501818726078023,0.0636852977651317,0.10234756486758,0.0973137074286006
"t__d__Bacteria;p__Bacteroidota;c__Bacteroidia;o__Bacteroidales;f__Bacteroidaceae;g__Prevotella;s__Prevotella maculosa",0.149074315757729,0.145757105752032,0.302108184253764,0.0532125106558542,0.0651241943781937,0.15212559355913,0.122070552079465,0.537304659212712,0.298030016074327,0.122159683459656,0.383642766809398,0.115831426785254,0.13796383183286,0.268485845529641,0.223877195388179,0.205117858768546
"t__d__Bacteria;p__Bacteroidota;c__Bacteroidia;o__Bacteroidales;f__Bacteroidaceae;g__Prevotella;s__Prevotella melaninogenica_B",0.041250569181713,0.00246985329685037,0.154588732946218,0.0543426780078757,0.0218758559922266,0.047917635593453,0.0074420703593023,0.104395258101725,0.100956455642756,0.0278538146973244,0.109446484364969,0.0740531351496595,0.055863378432518,0.0540594514888068,0.03226939754003,0.0592523180530285
"t__d__Bacteria;p__Bacteroidota;c__Bacteroidia;o__Bacteroidales;f__Bacteroidaceae;g__Prevotella;s__Prevotella melaninogenica_C",0.0512388114111057,0.0250362433793101,0.0881822858032958,0.0585782964602771,0.0406465142310444,0.0591896172931031,0.0830563831067259,0.426083290126528,0.125364811264483,0.105791485464333,0.0475691671519157,0.283961264694312,0.12403227326774,0.0180809392065093,0.1937251990392,0.115369105459992
"t__d__Bacteria;p__Bacteroidota;c__Bacteroidia;o__Bacteroidales;f__Bacteroidaceae;g__Prevotella;s__Prevotella micans",0,0.0565856541882348,0.0560283576300596,0,0.0419979237512472,0.0197642134300157,0.0274795161556327,0.13911618552663,0.0548825708347976,0.0305118497911776,0.0731357101280226,0.0832557515091629,0.0349592214195523,0.0682712086531094,0.0388274530213587,0.0483210410692667
"t__d__Bacteria;p__Bacteroidota;c__Bacteroidia;o__Bacteroidales;f__Bacteroidaceae;g__Prevotella;s__Prevotella multisaccharivorax",0.0672442942032244,0.0282253383385259,0.00663446491065757,0.0410841579540373,0.0919438541132015,0.0620907040199224,0.0367402766979781,0.503107892051786,0.0633068506327106,0.111014932784824,0.0976131869215067,0.0855661003262398,0.0681933650486066,0.0535801281673402,0.0236354059462276,0.0893320634744526
"t__d__Bacteria;p__Bacteroidota;c__Bacteroidia;o__Bacteroidales;f__Bacteroidaceae;g__Prevotella;s__Prevotella nanceiensis",0.064128691885022,0.0410284828944876,0.064421653735592,0.0734301013695639,0.0652462869856705,0.0436921352906504,0.0368227632521482,0.155955558845564,0.0301687895387204,0.0903668520452349,0.132614586668004,0.252245733677726,0.0739597471223891,0.0813056985586304,0.254603194902755,0.0973326851181439
"t__d__Bacteria;p__Bacteroidota;c__Bacteroidia;o__Bacteroidales;f__Bacteroidaceae;g__Prevotella;s__Prevotella nigrescens",0.624179671509777,0.286460362811434,0.631624866243044,0.416291592989462,0.191223952230603,0.354894384971347,1,0.786568915251851,0.295200913366756,0.60505835820775,0.21924755861054,0.331934888471605,0.577056109744286,0.541318915442104,0.30023198431497,0.477419498277702
"t__d__Bacteria;p__Bacteroidota;c__Bacteroidia;o__Bacteroidales;f__Bacteroidaceae;g__Prevotella;s__Prevotella oris",0.113929656208766,0.033255875194591,0.0754373862387375,0.0592134993295208,0.07954112534808,0.0557829997754838,0.0370380575184541,0.182207705776819,0.117076499771194,0.121197943381629,0.0742026276570235,0.0787269280571047,0.0997139283028405,0.0935077590655721,0.0619635374222468,0.0855197019365374
"t__d__Bacteria;p__Bacteroidota;c__Bacteroidia;o__Bacteroidales;f__Bacteroidaceae;g__Prevotella;s__Prevotella oulorum",0.114596873373503,0.0493951844939802,0.450649221660712,0.149929836586144,0.05901044347742,0.0508799945285436,0.223359758189357,0.456427224387344,0.0924735316699251,0.31582221682729,0.134398627277232,0.0979332454961532,0.142808541222503,0.500041861873481,0.239008294517699,0.205115657038752
"t__d__Bacteria;p__Bacteroidota;c__Bacteroidia;o__Bacteroidales;f__Bacteroidaceae;g__Prevotella;s__Prevotella pallens",0.0952736000325159,0.120927716013352,0.291354516504925,0.183947221246209,0.0668475436420597,0.102948564587761,0.105921587799039,0.495369748279305,0.248154658512371,0.0623882458263808,0.203435844480526,0.186406019333695,0.279499549031783,0.136710326395155,0.36582880481998,0.196334263100337
"t__d__Bacteria;p__Bacteroidota;c__Bacteroidia;o__Bacteroidales;f__Bacteroidaceae;g__Prevotella;s__Prevotella pleuritidis",0.0140768689023341,0.0278373295270045,0.00829026992437677,0.0425026153022749,0.0247215609701645,0.13984888839725,0.015836136038491,0.241184386003557,0.00477494214465335,0.0201291495667248,0.0196376176178948,0.0746664671265772,0.00624091808909414,0.0639727408978851,0.0566927150551297,0.0506941737042275
"t__d__Bacteria;p__Bacteroidota;c__Bacteroidia;o__Bacteroidales;f__Bacteroidaceae;g__Prevotella;s__Prevotella sp000257925",0.0111891885898875,0.02624576052935,0.162652634247617,0.00515299707021044,0.0403385211649504,0.00490461001223674,0.0399071458243037,0.0995777446074171,0.0411527786853485,0.0307269426631883,0.137294438907529,0.0469434238357731,0.059596231664428,0.090888452718644,0.0786760980264343,0.0583497979031546
"t__d__Bacteria;p__Bacteroidota;c__Bacteroidia;o__Bacteroidales;f__Bacteroidaceae;g__Prevotella;s__Prevotella sp000436595",0.0482500639381224,0.0842575372677386,0.322670464919671,0.102134902458682,0.0540111528409212,0.265991832376301,0.11432510185022,0.118950403979656,0.108829995738621,0.209480010462796,0.0748625790400081,0.162374362733209,0.145078649953378,0.0516791672094741,0.175470617113713,0.135891122792167
"t__d__Bacteria;p__Bacteroidota;c__Bacteroidia;o__Bacteroidales;f__Bacteroidaceae;g__Prevotella;s__Prevotella sp000467895",0.0253403318031092,0.0249157377029718,0.0306056946465425,0.0802091663209252,0.0530652017284191,0.0895089322323639,0.203767645143065,0.12629228800325,0.065019418559389,0.0401359172564249,0.189100773576236,0.028281986103325,0.0718391749663826,0.207391696592543,0.151628697477346,0.0924735108074863
"t__d__Bacteria;p__Bacteroidota;c__Bacteroidia;o__Bacteroidales;f__Bacteroidaceae;g__Prevotella;s__Prevotella sp000479005",0.158785125870303,0.261280338570119,0.29318273562579,0.117373726134856,0.220091072450032,0.22751907097171,0.246602089527436,0.490074786497719,0.259663188332502,0.513456611334451,0.143821523466672,0.099385031320019,0.512733891936305,0.198890623132155,0.0604656735466828,0.253555032581117
"t__d__Bacteria;p__Bacteroidota;c__Bacteroidia;o__Bacteroidales;f__Bacteroidaceae;g__Prevotella;s__Prevotella sp000688375",0.0724145540041077,0.0446938882114181,0.145093738756527,0.0941085275136166,0.0395728938194766,0.0938212452970388,0.160141745529606,0.334638789530811,0.102880170580416,0.054828169906103,0.0968033353178572,0.123989957357898,0.130148063307266,0.147199073652093,0.0642768997816746,0.113640736837727
"t__d__Bacteria;p__Bacteroidota;c__Bacteroidia;o__Bacteroidales;f__Bacteroidaceae;g__Prevotella;s__Prevotella sp001552765",0.0440255349133328,0.0378919229414618,0.157687517373676,0.0561137634856639,0.0441754390687669,0.0978411747441195,0.0262499008741027,0.313963331473523,0.0290129117297756,0.0751229816311659,0.123341510462171,0.130195393785902,0.0680214022049728,0.0809388594423028,0.0859281564469341,0.0913673200385248
"t__d__Bacteria;p__Bacteroidota;c__Bacteroidia;o__Bacteroidales;f__Bacteroidaceae;g__Prevotella;s__Prevotella sp002251365",0.0873681161708801,0.0332636097305017,0.181444150534452,0.112361739468246,0.0271034048533684,0.0683913076374602,0.0520581132517204,0.1567049769131,0.0243073941467895,0.112586805457253,0.0539527225594749,0.0494739312193944,0.00627637785096399,0.110944608467093,0.12696205084624,0.0802132872737959
"t__d__Bacteria;p__Bacteroidota;c__Bacteroidia;o__Bacteroidales;f__Bacteroidaceae;g__Prevotella;s__Prevotella sp002265625",0.148876050138674,0.181669252872402,0.296589309377979,0.186981972035663,0.256704145313185,0.335038629138551,0.421000419386433,0.453756921363121,0.102440232385996,0.115579082780071,0.261955607688138,0.217183403106422,0.138267704567336,0.334206259868596,0.169941759147009,0.241346049944638
"t__d__Bacteria;p__Bacteroidota;c__Bacteroidia;o__Bacteroidales;f__Bacteroidaceae;g__Prevotella;s__Prevotella sp002298815",0.0502046178440254,0.0638066015654027,0.133321092462753,0.0650953912171534,0.0572164441129302,0.07640347789054,0.0267076897310026,0.578997362663642,0.102485907010353,0.131098767230037,0.0880579972840927,0.140903176488553,0.127898327147646,0.14826158021914,0.0532049446831041,0.122910891836692
"t__d__Bacteria;p__Bacteroidota;c__Bacteroidia;o__Bacteroidales;f__Bacteroidaceae;g__Prevotella;s__Prevotella sp002350805",0.0185039824310906,0.0408306749421074,0.0149275460489795,0.030371830869391,0.0262564078636548,0.040889423220562,0.00816694734235121,0.0631045842318619,0,0.00501742928690419,0.0769564136900151,0.0210175294176251,0.0273070660050582,0.0135170756722427,0.00621254878956932,0.0262052973207609
"t__d__Bacteria;p__Bacteroidota;c__Bacteroidia;o__Bacteroidales;f__Bacteroidaceae;g__Prevotella;s__Prevotella sp002353205",0,0.0201912641521215,0.0170600526274052,0.0536110917043227,0.0327037003494587,0.0202286757927474,0.00639869069716415,0.0674348233317049,0,0.0283923983282632,0.0397238117122708,0.0411772810760577,0,0.01094911322657,0.135777140925924,0.0315765362616007
"t__d__Bacteria;p__Bacteroidota;c__Bacteroidia;o__Bacteroidales;f__Bacteroidaceae;g__Prevotella;s__Prevotella sp002353295",0.0587712506366558,0.0303652840242225,0.0114882509275456,0.0486429455602238,0.0258380558352668,0.0654921435013554,0.131682891183881,0.302413488698287,0.155873457589012,0.180335788513973,0.0497975894964778,0.0337490395128684,0.0552181609325997,0.0767958603584584,0.155096391311517,0.0921040398721563
"t__d__Bacteria;p__Bacteroidota;c__Bacteroidia;o__Bacteroidales;f__Bacteroidaceae;g__Prevotella;s__Prevotella sp002353555",0.0464890066352619,0.0139137838795455,0.048419236795609,0.00659583624986936,0.0215020634928777,0.0337542063473268,0.00445466239239942,0.142062987884516,0.0264366067629559,0.0468296755381378,0.0733430278973384,0.0205569901605597,0.0395690510104005,0.0350056876014483,0.0762580511713836,0.042346058254642
"t__d__Bacteria;p__Bacteroidota;c__Bacteroidia;o__Bacteroidales;f__Bacteroidaceae;g__Prevotella;s__Prevotella sp002933775",0.0542308653995977,0.0434580941093227,0.145925176790147,0.0484518428521489,0.0224193070662832,0.0567674683226199,0.0406287517235628,0.17439601597089,0.0539657560911882,0.108506581143097,0.0890903885184075,0.0561101138689104,0.0266424400393961,0.0745072185352478,0.060589183935725,0.0703792802911029
"t__d__Bacteria;p__Bacteroidota;c__Bacteroidia;o__Bacteroidales;f__Bacteroidaceae;g__Prevotella;s__Prevotella sp003043925",0.0763730136564013,0.134106811912292,0.0610882991497863,0.135538818623938,0.223649489872047,0.117476556540949,0.19532359279122,0.258531176739055,0.0669186321636377,0.0732654838799701,0.319130626006292,0.0781079801738202,0.0956658348486484,0.160244300246457,0.184111576836989,0.145302146229434
"t__d__Bacteria;p__Bacteroidota;c__Bacteroidia;o__Bacteroidales;f__Bacteroidaceae;g__Prevotella;s__Prevotella sp003043945",0.0767750763758485,0.0569787201852159,0.195565753018463,0.0784254065825884,0.0237817207026382,0.0315417093220431,0.0491399324519351,0.517677655928744,0.0513094556482355,0.0490786143691957,0.0644372183621455,0.0636473078972484,0.152460450690495,0.0376113059730714,0.245829012423163,0.112950622662069
"t__d__Bacteria;p__Bacteroidota;c__Bacteroidia;o__Bacteroidales;f__Bacteroidaceae;g__Prevotella;s__Prevotella sp003932845",0.272754829151688,0.195376651239336,0.661442990231334,0.290605221317066,0.445396513308075,0.528650563694081,0.188676366481299,0.294231169546021,0.142071996122622,0.268380752718573,0.460392038092639,0.284955252893688,0.498394801765007,0.512469246383402,0.28195962751014,0.355050534696998
"t__d__Bacteria;p__Bacteroidota;c__Bacteroidia;o__Bacteroidales;f__Bacteroidaceae;g__Prevotella;s__Prevotella sp004555245",0.0134223234972226,0.0247107971799647,0.216789868205534,0.0506418106707375,0.0500783602000782,0.0940142547040956,0.0868217867046927,0.381786344196009,0.122038371420273,0.00674276472476104,0.12129654648921,0.135150073441735,0.0285256054362033,0.157571508292733,0.119745123307618,0.107289035898058
"t__d__Bacteria;p__Bacteroidota;c__Bacteroidia;o__Bacteroidales;f__Bacteroidaceae;g__Prevotella;s__Prevotella sp004556065",0.0383937897496709,0.0283189568573641,0.0920582557585742,0.0442372379931903,0.0071793585120683,0.0687052523275192,0.0221661809336128,0.108765018629954,0.0188799201167608,0.0243569826392986,0.0734243701352101,0.077145161532546,0,0.0617058482748389,0.0467620944759214,0.047473228529102
"t__d__Bacteria;p__Bacteroidota;c__Bacteroidia;o__Bacteroidales;f__Bacteroidaceae;g__Prevotella;s__Prevotella sp013166515",0.031143918224559,0.101880325515837,0.0917416661696836,0.0370504043139213,0.0586985133325092,0.0497396595280769,0.0574584090260063,0.167930277283522,0.0825958709612697,0.0710174444834813,0.0924183548077645,0.119991524461314,0.100300591613135,0.0454600690320836,0.121017016603418,0.0818962696904387
"t__d__Bacteria;p__Bacteroidota;c__Bacteroidia;o__Bacteroidales;f__Bacteroidaceae;g__Prevotella;s__Prevotella sp015074785",0.0339023218673127,0.0967663103315456,0.0686200809919363,0.168475711332637,0.105501933810117,0.0556796735490064,0.0762677328433414,0.223737420055748,0.131578608001941,0.0899466680534147,0.227588434054682,0.141939651718512,0.0994961882888337,0.178127505015822,0.109315030982199,0.12046288472647
"t__d__Bacteria;p__Bacteroidota;c__Bacteroidia;o__Bacteroidales;f__Bacteroidaceae;g__Prevotella;s__Prevotella sp017410365",0.152515336203628,0.0992317767154317,0.177935285453608,0.206839166874745,0.125851258551252,0.288740202121688,0.132601389896723,0.114698851475798,0.161656016664531,0.366878457735797,0.0951412102532738,0.266066753131197,0.0321782925691583,0.458365295984079,0.0920187439778595,0.184714535840585
"t__d__Bacteria;p__Bacteroidota;c__Bacteroidia;o__Bacteroidales;f__Bacteroidaceae;g__Prevotella;s__Prevotella sp017477435",0.0309102819549536,0.00164656886456691,0.0146259794621315,0,0.0345357565418488,0.049756223938502,0.0664163448701756,0.120876467750567,0.00943412811610297,0.0279711380820574,0,0.0146304506362826,0.0385140004105959,0.00785650655526877,0.0525423984272112,0.0313144163740176
"t__d__Bacteria;p__Bacteroidota;c__Bacteroidia;o__Bacteroidales;f__Bacteroidaceae;g__Prevotella;s__Prevotella sp017483185",0.0261971952070941,0.0622396931826418,0.247575785453048,0.0882415139307195,0.13809385664223,0.185094496554224,0.114138659545543,0.257894206554808,0.287649046580387,0.0736527319400616,0.329139661553404,0.248001291465028,0.0860124718543158,0.0307373527920181,0.177819154886823,0.156832474542823
"t__d__Bacteria;p__Bacteroidota;c__Bacteroidia;o__Bacteroidales;f__Bacteroidaceae;g__Prevotella;s__Prevotella sp017561825",0.0289686937747003,0.0214774092647012,0.0238982903888901,0.047237496586485,0.00882293200703319,0,0.00338275925422832,0.103132376671249,0.0164023451214583,0.00358962938719737,0.0271639646198013,0.127204981705701,0.04583984864709,0.0178781252136151,0.0743226224029729,0.0366214316696749
"t__d__Bacteria;p__Bacteroidota;c__Bacteroidia;o__Bacteroidales;f__Bacteroidaceae;g__Prevotella;s__Prevotella sp017623155",0.0588134803523496,0.0533209472547924,0.0742585373722792,0.0200319397012641,0.0746711886700452,0.0383096815564443,0.0662936256362892,0.136999881388322,0.0145522046313245,0.0270033048284774,0.130270563023078,0.105657484385628,0.129265645464183,0.243638197446422,0.139355455883622,0.0874961425063014
"t__d__Bacteria;p__Bacteroidota;c__Bacteroidia;o__Bacteroidales;f__Bacteroidaceae;g__Prevotella;s__Prevotella sp017642485",0.0179110525970563,0.00263451018330706,0.151992079838941,0.024874453766464,0.0303651518085521,0,0.0224610626197119,0.126056832777015,0.0267361943070727,0.0256638009172762,0.0369986752881839,0.110549082694951,0.0283091242936875,0.012498987701564,0.0894723808994283,0.0471015593128808
"t__d__Bacteria;p__Bacteroidota;c__Bacteroidia;o__Bacteroidales;f__Bacteroidaceae;g__Prevotella;s__Prevotella sp018127805",0.0818628121823953,0.0937991176694742,0.150061084307124,0.0127504717825086,0.0509346021859216,0.0513634261455398,0.122922709836318,0.313036252896416,0.0701097064479522,0.102270837899276,0.092033148286625,0.0578449737183889,0.107416678164698,0.0364654809883102,0.0757196577827082,0.0945727306862438
"t__d__Bacteria;p__Bacteroidota;c__Bacteroidia;o__Bacteroidales;f__Bacteroidaceae;g__Prevotella;s__Prevotella sp900313215",0.0666324357504704,0.0571318784298223,0.067991939648711,0.128651223399106,0.0616073676254388,0.0492039557331466,0.109288308322264,0.172259165694646,0.0616597662254719,0.0937044264285395,0.042943277267533,0.0643290764390954,0.108189419765609,0.0562861602416882,0.146065251534003,0.085729576833703
"t__d__Bacteria;p__Bacteroidota;c__Bacteroidia;o__Bacteroidales;f__Bacteroidaceae;g__Prevotella;s__Prevotella sp900315545",0.010512082059939,0.019430358422535,0.0442987002179582,0.0101065232860901,0.0525278411994122,0.0572977744081316,0.114308385042814,0.2258875748332,0.0315284259258184,0.0635798577270098,0.0674257362680382,0.0600133914140694,0.0279521720031577,0.0400479260917362,0.0289452740646006,0.0569241348643007
"t__d__Bacteria;p__Bacteroidota;c__Bacteroidia;o__Bacteroidales;f__Bacteroidaceae;g__Prevotella;s__Prevotella sp900317545",0.013593209560266,0.0320351375393674,0.0802273927932271,0.0333436954982619,0.0246458929933024,0.0109770915704412,0.0693750049735041,0.320900371057078,0.0339582207157891,0.0670222480781367,0.0112834929959175,0.029330005619297,0,0.0382965746736661,0.0141952635811501,0.0519455734432936
"t__d__Bacteria;p__Bacteroidota;c__Bacteroidia;o__Bacteroidales;f__Bacteroidaceae;g__Prevotella;s__Prevotella sp900545525",0.0155126825207982,0.0305533074826332,0.0413737249440116,0.0777633744465324,0.094854985509452,0.100020033317692,0.0101441474095052,0.187990929529082,0.0531945833537306,0.0306131559583629,0.153938983348276,0.0721085067469956,0.115286211557019,0.0833818858340212,0.105561065016579,0.0781531717983127
"t__d__Bacteria;p__Bacteroidota;c__Bacteroidia;o__Bacteroidales;f__Bacteroidaceae;g__Prevotella;s__Prevotella sp900553465",0.065205467403565,0.0215904220741386,0.14971376806205,0.0209290957928547,0.0377694863655491,0.133347248206394,0.131457555183925,0.129752790022715,0.139193717617016,0.0660609992000537,0.0685665023290705,0.0175196572745401,0.173313314840986,0.095771592744214,0.0736309926717825,0.0882548406525903
"t__d__Bacteria;p__Bacteroidota;c__Bacteroidia;o__Bacteroidales;f__Bacteroidaceae;g__Prevotella;s__Prevotella sp900553965",0.0638262355310753,0.0710471891198632,0.22534844224434,0.0741629164347934,0.0806910395325397,0.117348931739145,0.0842233634650313,0.215896013571523,0.222751859451014,0.159940397120024,0.152473763080806,0.259925071658836,0.157654176037363,0.307415993890589,0.11185386592481,0.153637283920117
"t__d__Bacteria;p__Bacteroidota;c__Bacteroidia;o__Bacteroidales;f__Bacteroidaceae;g__Prevotella;s__Prevotella sp900555035",0.0493504524753057,0.0223829171844123,0.0440240734730287,0.0682519150057542,0.00813517561450276,0.0906903907703771,0.0667200435186875,0.200929403408743,0.0569431193952282,0.102238016305549,0.0620111616508605,0.0929459305552947,0.0385223148703541,0.0656140587746826,0.0700907877458913,0.0692566507165781
"t__d__Bacteria;p__Bacteroidota;c__Bacteroidia;o__Bacteroidales;f__Bacteroidaceae;g__Prevotella;s__Prevotella sp900556275",0.0655313947253749,0.0412342930304759,0.117563474162966,0.180184343651159,0.0382947877421463,0.12126783366832,0.0312973607194187,0.122731486412468,0.0690132133960415,0.126049359215435,0.0619231223886976,0.089520464776794,0.0489521483217138,0.067482921142329,0.22562409984003,0.0937780202128913
"t__d__Bacteria;p__Bacteroidota;c__Bacteroidia;o__Bacteroidales;f__Bacteroidaceae;g__Prevotella;s__Prevotella sp900557035",0.0364928090725001,0.0424174055485198,0.139068991946174,0.00558514378627958,0.0697285735202766,0.0344161622961059,0.0576181712245175,0.150703182114158,0.0233255821129655,0.0661519880912285,0.133944127186075,0.0619836995988106,0.0683037915242479,0.0445724074834593,0.123688092344549,0.0705333418566578
"t__d__Bacteria;p__Bacteroidota;c__Bacteroidia;o__Bacteroidales;f__Bacteroidaceae;g__Prevotella;s__Prevotella sp900557405",0.038051486237996,0.00972616110693312,0.0675069592836929,0.0417399773567413,0.078265068246897,0.157037356451057,0.0344646870444902,0.465519522659128,0.0932723474106772,0.0671865543823378,0.12399972422805,0.106857279897348,0.0807057649567708,0.0262437102790763,0.130222078731521,0.101386578551514
"t__d__Bacteria;p__Bacteroidota;c__Bacteroidia;o__Bacteroidales;f__Bacteroidaceae;g__Prevotella;s__Prevotella sp900769275",0.121324964685985,0.0883580289330049,0.347734521973608,0.0505813632745652,0.177398432591857,0.127197950014654,0.147652847497112,0.224295971613004,0.204184698382558,0.205984470838274,0.230918274611505,0.287699715280707,0.155890772726801,0.191634525871909,0.245717873541956,0.187104960789167
"t__d__Bacteria;p__Bacteroidota;c__Bacteroidia;o__Bacteroidales;f__Bacteroidaceae;g__Prevotella;s__Prevotella sp902760315",0.0374499549435108,0.00684552247098669,0.160652543218238,0.0336000366688355,0.0936948467265198,0.0861495946468687,0.0500032859323506,0.119808059532112,0.0403783454715626,0.091181649412523,0.0529838586259939,0.0364528749477767,0.0605378695805675,0.0163379624956157,0.083843949966475,0.0646613569759957
"t__d__Bacteria;p__Bacteroidota;c__Bacteroidia;o__Bacteroidales;f__Bacteroidaceae;g__Prevotella;s__Prevotella sp902774815",0.0523060070786356,0.0233916408976761,0.179522720677497,0.0199286560606617,0.0340497858861803,0.0562867406385141,0.0936654410691431,0.0943897070743663,0.0429225126213102,0.0340046161631649,0.0301370754726938,0.0427985670238079,0.0467626185304172,0.0392743289334196,0.115760534957569,0.0603467302056704
"t__d__Bacteria;p__Bacteroidota;c__Bacteroidia;o__Bacteroidales;f__Bacteroidaceae;g__Prevotella;s__Prevotella sp902781315",0.00521979247114213,0.00581747308400294,0.0984435259802383,0.00866658503391376,0.00846630802528216,0.00720677389553154,0.0881043300880379,0.242123415501073,0.0372061809240199,0.0581873637394207,0,0.0419126113423951,0.0109472330384425,0,0.154505934777007,0.0511205018600338
"t__d__Bacteria;p__Bacteroidota;c__Bacteroidia;o__Bacteroidales;f__Bacteroidaceae;g__Prevotella;s__Prevotella sp902797505",0.0163966722847363,0.00263451018330706,0.0440471924971277,0.0378982013049114,0.0229063228876477,0.0168871801440002,0.0347372133399521,0.160811722499064,0.00565919068995952,0.0391977186177992,0.0412527073518553,0.0430022717290288,0.00623769447437869,0.041530791301724,0.00785120751154966,0.0347367064544694
"t__d__Bacteria;p__Bacteroidota;c__Bacteroidia;o__Bacteroidales;f__Bacteroidaceae;g__Prevotella;s__Prevotella sp902798425",0.0893370927886179,0.0162461461303935,0.0753237012450019,0.00463769736318939,0.0510116872107655,0.0960397352016342,0.0466419864355016,0.189431528559937,0.0735482140333746,0.0565785583857087,0.0442070337884245,0.0655062545325707,0.0785096179206731,0.046737805216442,0.142347738380692,0.0717403198128618
"t__d__Bacteria;p__Bacteroidota;c__Bacteroidia;o__Bacteroidales;f__Bacteroidaceae;g__Prevotella;s__Prevotella sp902803475",0.125175358214778,0.0426394704547606,0.133706290862032,0.0750747761975805,0.0915886659884479,0,0.0510689860579959,0.295223354366046,0.0648298135121229,0.0679406887709746,0.142998317573039,0.0277822644243425,0,0.0526775371140445,0.151778646793882,0.0881656113553364
"t__d__Bacteria;p__Bacteroidota;c__Bacteroidia;o__Bacteroidales;f__Bacteroidaceae;g__Prevotella;s__Prevotella sp905211345",0.00625354546464083,0.0187872897154696,0.113731662432692,0.0164546735981938,0.0332375633516197,0.0720213531017106,0.0360225661848682,0.213021593028813,0.0576848030112241,0.0236487067287191,0.0208133126151322,0,0.0326481724113229,0.0783152300389908,0,0.0481760314455598
"t__d__Bacteria;p__Bacteroidota;c__Bacteroidia;o__Bacteroidales;f__Bacteroidaceae;g__Prevotella;s__Prevotella veroralis",0.0979145062007556,0.182931307715764,0.0480046270727269,0.0391492910836194,0.116633339679699,0.179793981835542,0.0951067511943667,0.402477368209577,0.122742517172218,0.198053274055787,0.156294456946203,0.198621992139717,0.082474402819628,0.184913656932182,0.108752000642379,0.147590898246678
"t__d__Bacteria;p__Bacteroidota;c__Bacteroidia;o__Bacteroidales;f__Bacteroidaceae;g__UBA1179",0.107748945791464,0.062177817969042,0.159933580250666,0.0369126356796074,0.0924713970744214,0.372058647470465,0.0368951265794909,0.269432268929941,0.166032627348769,0.040724057459568,0.152544738660017,0.0356696892577012,0.109911050004644,0.0956114611068871,0.093589489133596,0.122114235514419
"t__d__Bacteria;p__Bacteroidota;c__Bacteroidia;o__Bacteroidales;f__Bacteroidaceae;g__UBA1189",0.0266937346270823,0.0386642914688258,0.182479404879724,0.106469309986646,0.152898649539585,0.134926714657558,0.088522676719617,0.222185203707296,0.0633074338385292,0.0750020480148256,0.0499761870347258,0.0525774289747567,0.0160094567237351,0.0985607381975323,0.161271347958829,0.0979696417552846
"t__d__Bacteria;p__Bacteroidota;c__Bacteroidia;o__Bacteroidales;f__Bacteroidaceae;g__UBA1189;s__UBA1189 sp017465905",0.0238372673050121,0.0249057660115827,0.0954479178657665,0.0167359266445409,0.0148069672642999,0.0509781975047548,0.0232421742894902,0.326187875359362,0.0321597015270148,0.144715810721867,0.0102913705718416,0.0548617239862653,0.0499423114953605,0.0129989472096265,0.0859051050340641,0.0644678041860566
"t__d__Bacteria;p__Bacteroidota;c__Bacteroidia;o__Bacteroidales;f__Bacteroidaceae;g__UBA3839",0.096110800325089,0.0264702446011066,0.141771366737155,0.0708270583251771,0.0744686050562112,0.069257853527427,0.050071871341796,0.219354231955098,0.216223822320786,0.175229988647003,0.1433318455801,0.0561041208786169,0.0317483894509293,0.110927663081421,0.188834995590137,0.111382190494537
"t__d__Bacteria;p__Bacteroidota;c__Bacteroidia;o__Bacteroidales;f__Bacteroidaceae;g__UBA4334;s__UBA4334 sp002363115",0.0321549090563297,0.0143272889778465,0.0506251676600626,0,0.0359871553475776,0,0.0554425886390673,0.126646256731558,0.0190997685786134,0.0144244006243053,0,0.0371756721153106,0.0805285747900602,0.0253889693773819,0.0581490915176751,0.0366633228943859
"t__d__Bacteria;p__Bacteroidota;c__Bacteroidia;o__Bacteroidales;f__Bacteroidaceae;g__UBA4334;s__UBA4334 sp012729225",0.0199499838087548,0.0423813105717669,0.191416070896934,0.0568651087213574,0.0398682895094466,0.0882957640964941,0.0448889842549521,0.187483266503279,0.0548591655450028,0.058361406646709,0.0140416801726973,0.0220665906099214,0,0.0331719165666904,0.0668536453119047,0.0613668788810607
"t__d__Bacteria;p__Bacteroidota;c__Bacteroidia;o__Bacteroidales;f__Bacteroidaceae;g__UBA4372",0.0409335624668832,0.0239484137911659,0.169662373941618,0.0826289023647692,0.065341414292104,0.0324678862767082,0.0552295562849595,0.305853819069252,0.0129849298147196,0.143336622046367,0.0422217779698756,0.172970812987476,0.193985396913207,0.0900500108468985,0.0758743338687592,0.100499320862318
"t__d__Bacteria;p__Bacteroidota;c__Bacteroidia;o__Bacteroidales;f__Bacteroidaceae;g__UBA4372;s__UBA4372 sp004559785",0.00362485588273759,0.0139768959416911,0.0552114829428772,0,0,0.0410288100949937,0.00822351396996899,0.113000774604167,0.0590023258941031,0.0394887721713831,0.0383169458424684,0.0826012054776772,0.0293729319480816,0.097690920578403,0,0.0387692956899034
"t__d__Bacteria;p__Bacteroidota;c__Bacteroidia;o__Bacteroidales;f__Bacteroidaceae;g__UBA4372;s__UBA4372 sp016292545",0.0352193497704335,0.0311367673980883,0.031296701317269,0.0434034699367194,0.0727361464689364,0.028272142221913,0.0625790421328789,0.163356540437604,0.0546055221660747,0.0623332569769836,0.0218327260552319,0.0593193631699843,0.118886879451114,0.117208425377685,0.0429055608834916,0.0630061262509605
"t__d__Bacteria;p__Bacteroidota;c__Bacteroidia;o__Bacteroidales;f__Bacteroidaceae;g__UBA6382;s__UBA6382 sp900557555",0.0119737174965268,0.0155824451230793,0.0337385520995296,0.0207000755690409,0.055194781371928,0.0324042509773986,0.00872000163312188,0.256013922057367,0.0461599208563737,0.0216758389919226,0.0350213533076774,0.0222095320077895,0.0416537479211782,0.0873108393360107,0.0477307233128622,0.0490726468041204
"t__d__Bacteria;p__Bacteroidota;c__Bacteroidia;o__Bacteroidales;f__Bacteroidaceae;g__UBA6398;s__UBA6398 sp002451695",0.122973761562895,0.13023596099479,0.505669857011832,0.129034968144517,0.0926791562911307,0.411674384543133,0.207538451727165,0.369710719646499,0.0145631940645578,0.0674980169341508,0.123280273067583,0.0166890854733964,0.10747327827796,0.220789102742044,0.143812273878773,0.177574832290695
"t__d__Bacteria;p__Bacteroidota;c__Bacteroidia;o__Bacteroidales;f__Barnesiellaceae;g__Barnesiella;s__Barnesiella merdigallinarum",0.0475305727445596,0.0246370898407435,0.118840170570092,0.0194267989546933,0.22534651891589,0.0991464175229334,0.0480942145871657,0.363021642775489,0.0790214509065014,0.136711506648189,0.0683458120106102,0.0655761304656014,0.112574212654123,0.124969211431074,0.105932998191593,0.109278316547951
"t__d__Bacteria;p__Bacteroidota;c__Bacteroidia;o__Bacteroidales;f__CHK158-818;g__Gallibacteroides",0.101304940973859,0.0902663385678164,0.443574782559804,0.225828982963733,0.257294141632541,0.189248092750526,0.0571116677125827,0.273698265458385,0.175157483579695,0.0723594942297192,0.117414123145134,0.242065061808594,0.365139690780262,0.113578716674063,0.139589089431933,0.19090872481791
"t__d__Bacteria;p__Bacteroidota;c__Bacteroidia;o__Bacteroidales;f__Dysgonomonadaceae;g__Petrimonas",0.0686905975555824,0.0541450731778887,0.0953977467164456,0.106273348179987,0.0400753133353352,0.119673165790874,0.0573177048974274,0.361614415950146,0.0709286460295323,0.0548829635197101,0.0887529520018755,0.0635091758195893,0.144541558139001,0.0787307325885653,0.131360911422854,0.102392953674988
"t__d__Bacteria;p__Bacteroidota;c__Bacteroidia;o__Bacteroidales;f__F082;g__Limimorpha",0.0302086522118626,0.0672524919414994,0.0660614552739684,0.0986531885990598,0.0229313660785682,0.0792025340299555,0.0551528544433085,0.307328665517863,0.0803749820659347,0.0570137965554831,0.102882657912676,0.114393323567706,0.162760072776151,0.0173416982367998,0.0533513766796605,0.0876606077260332
"t__d__Bacteria;p__Bacteroidota;c__Bacteroidia;o__Bacteroidales;f__F082;g__Limimorpha;s__Limimorpha sp002633315",0.0351712221544295,0.0274229557270872,0.102891868971785,0.0782901118105427,0.0499949479589768,0.0993937293096831,0.0107389182673915,0.267884926803063,0.034709369644574,0.0590736053742626,0.106734270417258,0.0428187698221409,0.0880809643778386,0.090407777533639,0.0696612975175823,0.077551649046017
"t__d__Bacteria;p__Bacteroidota;c__Bacteroidia;o__Bacteroidales;f__F082;g__Limimorpha;s__Limimorpha sp017394865",0.0849767653310973,0.150196293901525,0.225483202392792,0.0370067169139954,0.120230152542421,0.455042040302411,0.0445297270589171,0.204066599223585,0.184932998059465,0.209908765932086,0.168216963139296,0.0717328891500103,0.274036257671982,0.171282123859637,0.0991561926504769,0.166719845875313
"t__d__Bacteria;p__Bacteroidota;c__Bacteroidia;o__Bacteroidales;f__F082;g__Limimorpha;s__Limimorpha sp017461665",0.00426453633263246,0.0070152135658439,0.0882682091002419,0.0426078789462118,0.0264501966503619,0.104823710368959,0.0179583686465407,0.238602494885569,0.0680803151539994,0.114471545291858,0.0276206514745751,0.0997787988063586,0.0529917370648621,0.0200457060596963,0.0583470288663061,0.064755092747601
"t__d__Bacteria;p__Bacteroidota;c__Bacteroidia;o__Bacteroidales;f__Lentimicrobiaceae;g__Lentimicrobium",0.055841949467889,0.0331563005945508,0.22589845073925,0.0761098432222413,0.105253715409902,0.165281854679615,0.135132280348158,0.217636057335357,0.23193006166235,0.111547634751859,0.0870232802246129,0.0385555536812338,0.139609546042364,0.0638830803711781,0.0470456186367112,0.115593681811152
"t__d__Bacteria;p__Bacteroidota;c__Bacteroidia;o__Bacteroidales;f__Marinifilaceae;g__Ancylomarina_A",0.00758210961717285,0.002886299385937,0.0751657295257153,0,0.108149576083243,0.0350136005116627,0.0531113681028203,0.0184263953389858,0.0696911218250997,0,0.0481504409371052,0.0874764183833271,0.0320112213520371,0.0561496936815172,0.0397582731501965,0.0422381498596546
"t__d__Bacteria;p__Bacteroidota;c__Bacteroidia;o__Bacteroidales;f__Marinifilaceae;g__Balneicella",0,0.01561583398449,0,0.00608386105708716,0.00381336356929817,0.00680643256593273,0,0,0.019899067724839,0,0.00175308506998717,0.0281817320357617,0.0114770894414054,0,0.0147210140841556,0.0072234319688638
"t__d__Bacteria;p__Bacteroidota;c__Bacteroidia;o__Bacteroidales;f__Marinifilaceae;g__Butyricimonas",0.0392988793489885,0.0324949192319389,0.156007633070967,0.0796547764852827,0.065588581537692,0.130942731248726,0.0753746727068802,0.0892124699009597,0.0143065722464543,0.0333461820262849,0.0373325342923748,0.0958456959113926,0.0554639115797118,0.0720017064958179,0.0719779265387223,0.0699232795081462
"t__d__Bacteria;p__Bacteroidota;c__Bacteroidia;o__Bacteroidales;f__Marinifilaceae;g__Butyricimonas;s__Butyricimonas faecavium",0.0386543205197991,0.0128316504506415,0.149564998198566,0.131625444703181,0.0571772826147936,0.0694346886882793,0.0501970368732829,0.346461679928117,0.0694056540097657,0.0847223444996323,0.0994297870332149,0.116980236343057,0.0127809315609166,0.0466587261829758,0.100050187100129,0.0923983312470901
"t__d__Bacteria;p__Bacteroidota;c__Bacteroidia;o__Bacteroidales;f__Marinifilaceae;g__Butyricimonas;s__Butyricimonas faecihominis",0.0548108291194769,0.0424359852547987,0.09509856967895,0.17154452500592,0.0966796536021996,0.236556973608726,0.0783660848735833,0.201627916605926,0.121080657441027,0.0773368529985981,0.051402443519485,0.157324140340039,0.0103604173811049,0.0375779097280466,0.0537728267798476,0.0990650523958485
"t__d__Bacteria;p__Bacteroidota;c__Bacteroidia;o__Bacteroidales;f__Marinifilaceae;g__Butyricimonas;s__Butyricimonas sp900759925",0.091272459315834,0.00702536048881882,0.3407235879139,0.147636895752662,0.118750550119586,0.111488679752378,0.0935093160119904,0.148265249235103,0.131470145400243,0.0532644709786732,0.0587081780227674,0.0478327390222594,0.0606695917569363,0.137455882896044,0.185835666846011,0.115593918234214
"t__d__Bacteria;p__Bacteroidota;c__Bacteroidia;o__Bacteroidales;f__Marinifilaceae;g__Butyricimonas;s__Butyricimonas sp900761485",0.200577818628672,0.0644688977711718,0.287675634027041,0.100535526141619,0.0500686577776243,0.438440683450609,0.273769173377789,0.268125392917311,0.185073723910176,0.248358554340483,0.299490654268569,0.0851101405500943,0.139903502430181,0.0656480180302664,0.298503858215286,0.200383349055793
"t__d__Bacteria;p__Bacteroidota;c__Bacteroidia;o__Bacteroidales;f__Marinifilaceae;g__Butyricimonas;s__Butyricimonas synergistica",0.0766210970056081,0.0527658606017901,0.290807307520772,0.0328320045557155,0.103074785580765,0.0398689787541251,0.133433866177497,0.309838273986022,0.064630937080982,0.0831454618689203,0.141316798418333,0.0520800296302768,0.0896622074819704,0.0655929935993344,0.0679047096148321,0.106905020791796
"t__d__Bacteria;p__Bacteroidota;c__Bacteroidia;o__Bacteroidales;f__Marinifilaceae;g__Gabonibacter",0.0399903542210031,0.0206803635410201,0.245549982365548,0.0787689306149321,0.0305113495482034,0.108362521190592,0.059469790319761,0.216346432207322,0.0588886174169063,0.0153841259451316,0.121719285677129,0.108235710124807,0.0839873599326561,0.0128643846334372,0.0137863465232568,0.080969703617447
"t__d__Bacteria;p__Bacteroidota;c__Bacteroidia;o__Bacteroidales;f__Marinifilaceae;g__Gabonibacter;s__Gabonibacter sp900543425",0.140068419903661,0.0169264709529995,0.0570728676083495,0.0627569312182754,0.0367305210675256,0.105250810283076,0.116143495521214,0.432096321703302,0,0.0224194396814432,0.066765509161097,0.0118803659302144,0.121359433550794,0.0241770628110647,0.0605628115724131,0.0849473640643619
"t__d__Bacteria;p__Bacteroidota;c__Bacteroidia;o__Bacteroidales;f__Marinifilaceae;g__Labilibaculum",0.0216805925670065,0.0646177991214608,0.262016346083238,0.103372664563637,0.0507869887881876,0.264641867240399,0.0514684971168962,0.187701643775532,0.0820985478066973,0.261160140134224,0.265889943468663,0.0910248327902031,0.236984085697162,0.146454222082955,0.0706133248155143,0.144034099736785
"t__d__Bacteria;p__Bacteroidota;c__Bacteroidia;o__Bacteroidales;f__Marinifilaceae;g__Odoribacter",0.0612187200834533,0.127664621564448,0.424197518229518,0.145700317680254,0.111529821935203,0.235341159990129,0.0899033237193083,0.212293433059719,0.237644964764712,0.0687524879833231,0.129728250295802,0.0859964127728396,0.160268253118722,0.0208974671689342,0.09574484507377,0.147125439829342
"t__d__Bacteria;p__Bacteroidota;c__Bacteroidia;o__Bacteroidales;f__Marinifilaceae;g__Odoribacter;s__Odoribacter laneus",0.0293081028196612,0.0105504937750611,0.0350424989732564,0.0472697413752457,0.0518895750853019,0,0.0231132539256771,0.157644223500043,0.0402668432864171,0.0998804370168962,0.0808101267748141,0.0714598655180723,0.0220029155476193,0.0664200267885977,0.0802490213553444,0.0543938083828005
"t__d__Bacteria;p__Bacteroidota;c__Bacteroidia;o__Bacteroidales;f__Marinifilaceae;g__Odoribacter;s__Odoribacter sp009935865",0.0436360143681083,0.0415927981812726,0.132912267030759,0.084695977418663,0.0307323772930749,0.0606518973147853,0.0144462314959232,0.185682613797906,0.0958242845543982,0.0619256276094597,0.0495624318360799,0.0289869573508768,0.120331164343947,0.0486515877971327,0.0444187551058127,0.0696033990332133
"t__d__Bacteria;p__Bacteroidota;c__Bacteroidia;o__Bacteroidales;f__Marinifilaceae;g__Odoribacter;s__Odoribacter sp900544025",0.0480338275891173,0.0261359082518702,0.10136925220288,0.0454813481150319,0.0382574885268563,0.1435771837142,0.0600775854455905,0.0776317841623633,0.0310367729816482,0.0575684742786395,0.028812050478791,0.0596923862642997,0.0195995774698824,0.0804311509750118,0.055256720647817,0.0581974340735999
"t__d__Bacteria;p__Bacteroidota;c__Bacteroidia;o__Bacteroidales;f__Marinifilaceae;g__Odoribacter;s__Odoribacter sp900548135",0.0598481847230975,0.0233317848433556,0.0833813676820549,0.0584325679708275,0.028701358445668,0.0804363417952911,0.0644937812026859,0.165751630039891,0.0486293794347867,0.0730906441292893,0.0434965774153019,0.0466397501518209,0.0653286905187895,0.0914746614206962,0.0338050026774636,0.0644561148300679
"t__d__Bacteria;p__Bacteroidota;c__Bacteroidia;o__Bacteroidales;f__Marinifilaceae;g__Odoribacter;s__Odoribacter sp905204385",0.0597421548026332,0.090822336338119,0.113991448809855,0.0811392276358413,0.104150943066593,0.0874946840449275,0.0542823321966332,0.277681180008419,0.0804591471087823,0.204891972289779,0.0586610696775108,0.0512195650219874,0.0738974293377153,0.0192269627555998,0.0203922919221888,0.0918701830011056
"t__d__Bacteria;p__Bacteroidota;c__Bacteroidia;o__Bacteroidales;f__Marinifilaceae;g__Odoribacter;s__Odoribacter sp905215395",0.0730799096710378,0.137144239483226,0.171923961779042,0.102041068270885,0.0772065066075458,0.349556821225848,0.0765386313789333,0.121271841009762,0.182321141780936,0.113321303055737,0.17291892025473,0.3210575865855,0.229698343710367,0.148576548010447,0.0551673783290498,0.155454946743536
"t__d__Bacteria;p__Bacteroidota;c__Bacteroidia;o__Bacteroidales;f__Marinifilaceae;g__Odoribacter;s__Odoribacter sp905216195",0.0359306536154785,0.0567328178936665,0.204796779327199,0.124533311136026,0.314215001395639,0.26924391252915,0.0603117340270567,0.304030033032774,0.0508886356854745,0.196743751113149,0.150319546073655,0.169629632809507,0.0608250725433569,0.0796843867831261,0.0749427548865619,0.143521868190121
"t__d__Bacteria;p__Bacteroidota;c__Bacteroidia;o__Bacteroidales;f__Marinifilaceae;g__Odoribacter;s__Odoribacter sp910588375",0.110313635346412,0.0567112233320589,0.0726563807235845,0.125932854848712,0.0613844842447963,0.198306575598575,0.104117730960833,0.358399841654689,0.193095994406097,0.195961383915724,0.298387754117382,0.0911509031900497,0.132039512537521,0.262231824719924,0.305598005346617,0.171085873662865
"t__d__Bacteria;p__Bacteroidota;c__Bacteroidia;o__Bacteroidales;f__Marinifilaceae;g__Odoribacter;s__Odoribacter splanchnicus",0.0264873350044743,0.0625543997452171,0.111368849225886,0.136739598064511,0.0574524459133234,0.232465334855677,0.0267798202642286,0.288160156891107,0.253245718517481,0.0885632496388529,0.100745737917674,0.134655427094409,0.0551422403325869,0.125474734153318,0.110214233150263,0.120669952051267
"t__d__Bacteria;p__Bacteroidota;c__Bacteroidia;o__Bacteroidales;f__Muribaculaceae;g__Amulumruptor",0.115938734318304,0.0933977165940731,0.128443408026198,0.0895797567246237,0.0601122537098569,0.149079659396053,0.0282126885127793,0.311198429429653,0.0858892671254881,0.140112926764306,0.132119597615708,0.0896264130907771,0.0534951373412518,0.0719135029885239,0.11409716461341,0.110881110416734
"t__d__Bacteria;p__Bacteroidota;c__Bacteroidia;o__Bacteroidales;f__Muribaculaceae;g__Amulumruptor;s__Amulumruptor sp900547825",0.0150421827005581,0.0472691434536549,0.0838888195850966,0.00994225317075896,0.0314680486446616,0.0718757028872957,0.0438003386642904,0.079185713194742,0.160746661908362,0.127606883796573,0.0755971172900254,0.0922747798375768,0.0358770318901134,0.119671161629951,0.130875107762831,0.0750080630944327
"t__d__Bacteria;p__Bacteroidota;c__Bacteroidia;o__Bacteroidales;f__Muribaculaceae;g__Avimuribaculum",0.0229415064325333,0.0207143650033433,0.226424438369119,0.0937629716342559,0.109126564067963,0.147944656569221,0.0483311256125475,0.16952716148362,0.044033925791874,0.0596345282225753,0.0771441130177535,0.0523642160650575,0.209640511242141,0.0606357082776495,0.148456133315013,0.0993787950069778
"t__d__Bacteria;p__Bacteroidota;c__Bacteroidia;o__Bacteroidales;f__Muribaculaceae;g__Avimuribaculum;s__Avimuribaculum pullicola",0.0135513843000805,0.0133678791838025,0.108802927702614,0.0475676247881572,0.0354756921159487,0.0430464769122115,0.0616285505810068,0.131933627884485,0.0812580235001236,0.0539037778718235,0.0489434128183874,0.0836564715598235,0.152984755351795,0.0894468388248943,0.23048951951232,0.0797371308604982
"t__d__Bacteria;p__Bacteroidota;c__Bacteroidia;o__Bacteroidales;f__Muribaculaceae;g__CAG-485",0.0623930671891224,0.0518518153097808,0.270299757924223,0.0191183339220037,0.127880766126454,0.225843125921276,0.0317119685217013,0.386342110865736,0.101263025455289,0.17044508248467,0.0560641434817353,0.105545447093404,0.220889236261405,0.0774369312737299,0.189658045149857,0.139782857132026
"t__d__Bacteria;p__Bacteroidota;c__Bacteroidia;o__Bacteroidales;f__Muribaculaceae;g__CAG-485;s__CAG-485 sp002361215",0,0.00739723862693869,0.161362344724433,0.0395526793838379,0.0367423161275093,0.0794101147041374,0.0062906647796103,0.157283754524219,0.0192176683846542,0.043772876978243,0.0527187413731521,0.104793530906904,0.0990653113237551,0.0644845624667139,0.0243623098215089,0.0597636076083745
"t__d__Bacteria;p__Bacteroidota;c__Bacteroidia;o__Bacteroidales;f__Muribaculaceae;g__CAG-485;s__CAG-485 sp002362485",0.0959531808223563,0.0467930394060234,0.0567844263781747,0.166126503178139,0.0761557110554961,0.0648565080988089,0.0745823715185344,0.308740123103209,0.0734113609146537,0.10691663850003,0.178103909304553,0.133757626795808,0.100097239992853,0.0659576808370091,0.148322866416681,0.113103945754822
"t__d__Bacteria;p__Bacteroidota;c__Bacteroidia;o__Bacteroidales;f__Muribaculaceae;g__CAG-485;s__CAG-485 sp009775365",0.0397608858738568,0.014681905709055,0.0664501793107368,0.0105636439939314,0.050667138950559,0.0228287302387746,0.0360889048517797,0.102865329335142,0.00612172069827352,0.0440034891352761,0.0394683450772541,0.0186691464617655,0.0562456616591173,0.0471238251379842,0.0439483146786077,0.0399658147408076
"t__d__Bacteria;p__Bacteroidota;c__Bacteroidia;o__Bacteroidales;f__Muribaculaceae;g__CAG-485;s__CAG-485 sp017626045",0.0227772762377111,0.0304502469791987,0.0596856465637759,0.139102765301683,0.00564942751007136,0.0301067599212686,0.011143206955105,0.155506535729979,0.0223658111719722,0.0527207698544243,0.13375263041915,0.0153926169691072,0.00592684591253258,0.0465658256831746,0.131459421704592,0.0575070524609164
"t__d__Bacteria;p__Bacteroidota;c__Bacteroidia;o__Bacteroidales;f__Muribaculaceae;g__CAG-485;s__CAG-485 sp900554845",0.0602591386108222,0.0145576345911721,0.102746360890131,0.0848264472711042,0.0638053895389895,0.116385828617531,0.0198755432020603,0.16220670517762,0.125430840394186,0.220908558388242,0.0624445260168818,0.0377343051212048,0.0385722899746999,0.0715561794194677,0.0752445850182627,0.0837702888154917
"t__d__Bacteria;p__Bacteroidota;c__Bacteroidia;o__Bacteroidales;f__Muribaculaceae;g__CAG-485;s__CAG-485 sp900760815",0.0214124932484659,0.0345544557308155,0.168521917519761,0.0444591495530541,0.0482937632832722,0.202342504820603,0.0691240708422024,0.286130216135152,0.0397581247958678,0.0948356977968938,0.0766156670619257,0.0638013538510655,0.102685058791755,0.05594425310975,0.18436807550481,0.0995231201363596
"t__d__Bacteria;p__Bacteroidota;c__Bacteroidia;o__Bacteroidales;f__Muribaculaceae;g__CAG-485;s__CAG-485 sp900767075",0.0487060928066497,0.010789272543331,0.118394543603198,0.0344592644273771,0.110335981220551,0.16054943125102,0.0505557243371283,0.317723072163126,0.101949263004542,0.0529974496042397,0.131887505891902,0.097112060274934,0.0682929602168095,0.15668535394664,0.205588081565932,0.111068403790492
"t__d__Bacteria;p__Bacteroidota;c__Bacteroidia;o__Bacteroidales;f__Muribaculaceae;g__CAG-485;s__CAG-485 sp905212215",0.13289724963023,0.124328488247818,0.209685549893698,0.137896761296077,0.100859052071904,0.16399533894834,0.101728431531787,0.737407791002735,0.237868693834605,0.518207609494381,0.0209307886580469,0.168610143009716,0.178592457900395,0.196626542230388,0.205829595448438,0.215697632879904
"t__d__Bacteria;p__Bacteroidota;c__Bacteroidia;o__Bacteroidales;f__Muribaculaceae;g__CAG-485;s__CAG-485 sp910585275",0.00716763955680943,0.00583926066603123,0.116655606798988,0.0237227878702134,0.0166889855042816,0.0227395555112794,0.0175209394142345,0.230900544302361,0.0619274367202592,0.0257164215329766,0.0137826877165044,0.00759023378874811,0.0684160676960812,0.0655695086640425,0.00803800825845088,0.0461517122667508
"t__d__Bacteria;p__Bacteroidota;c__Bacteroidia;o__Bacteroidales;f__Muribaculaceae;g__CAG-873;s__CAG-873 sp009775195",0,0,0.0928826974237189,0.0375631994476989,0.0371713598548463,0.0271118296576532,0.00638965636909793,0.0499239776495314,0.0760316788057669,0.0184547478575671,0.0735001034906963,0.0390153425503715,0.0502130410421826,0.0438432719344238,0.0458163279679182,0.0398611489367649
"t__d__Bacteria;p__Bacteroidota;c__Bacteroidia;o__Bacteroidales;f__Muribaculaceae;g__CAG-873;s__CAG-873 sp900540625",0.0214799957640732,0.0171731848758073,0.0741902291131053,0.0353541713522777,0.00486342020432231,0.0289028873318255,0.0235646036071965,0.0507160627729078,0.0382879620117574,0.0423552501362814,0.012035725862312,0.0429303912674437,0.0280697309980921,0.0361532653443339,0.0237008326754905,0.0319851808878151
"t__d__Bacteria;p__Bacteroidota;c__Bacteroidia;o__Bacteroidales;f__Muribaculaceae;g__CAG-873;s__CAG-873 sp905193395",0.0561929398283133,0.0341760252524478,0.0658092337628811,0.139329271881673,0.0855655603501585,0.0305301939280534,0.0292382650248979,0.0976848512680485,0.0198139693267453,0.0411592134408788,0.0954381471085204,0.0820279460381197,0.105839330553365,0.0169398045084726,0.0863785086284408,0.0657415507267344
"t__d__Bacteria;p__Bacteroidota;c__Bacteroidia;o__Bacteroidales;f__Muribaculaceae;g__CAG-873;s__CAG-873 sp910587545",0,0.00626012077521627,0,0.0534655192855836,0.0484440616704018,0.06693579665067,0.086189963164559,0.228841156445263,0.0471096860745203,0.0236541619827193,0.085891974737194,0.132332600810001,0.0612702222324119,0.0299637386373432,0.0967266276806924,0.064472375343105
"t__d__Bacteria;p__Bacteroidota;c__Bacteroidia;o__Bacteroidales;f__Muribaculaceae;g__Duncaniella",0.0463174398999683,0.0697317565719382,0.0766991288844208,0.161535442334947,0.0538971660928028,0.0675179304625683,0.0225757195619067,0.098693169145476,0.0448528618113931,0.082748766734213,0.0423931863467069,0.113272536511276,0.128017274999181,0.0383715807873319,0.094519850939976,0.0760762540722737
"t__d__Bacteria;p__Bacteroidota;c__Bacteroidia;o__Bacteroidales;f__Muribaculaceae;g__Duncaniella;s__Duncaniella dubosii",0.0389161427021861,0.0804473394008952,0.0806828362631749,0.0726446786998401,0.0993538151681394,0.107400245442748,0.0217711564004001,0.228498037411484,0.147187434121937,0.175968836699771,0.0957517508535628,0.160305292049017,0.18402082102032,0.152066637412731,0.062231832488297,0.113816457075634
"t__d__Bacteria;p__Bacteroidota;c__Bacteroidia;o__Bacteroidales;f__Muribaculaceae;g__Duncaniella;s__Duncaniella freteri",0.0314577838236279,0.0399584749206694,0.135254450090986,0.0292531943236912,0.00467982322747291,0.160168144972393,0.0501636943870755,0.0409893284071317,0.0489949093378032,0.0801143616438998,0.0612605051528149,0.0739100164595555,0.0886341762673899,0.0671181641929641,0.0366290878554501,0.0632390743375284
"t__d__Bacteria;p__Bacteroidota;c__Bacteroidia;o__Bacteroidales;f__Muribaculaceae;g__Duncaniella;s__Duncaniella sp001689495",0.00362485588273759,0.0140604489181798,0.050792460521279,0.0115050569202198,0.0363541936458745,0.0921537617707489,0.0227172866848111,0.255172637306784,0.0453667669437169,0.0630765234537232,0.066703962801749,0.0754450461082473,0.0554328526245852,0.0219265458378625,0.00662445633787003,0.0547304570505593
"t__d__Bacteria;p__Bacteroidota;c__Bacteroidia;o__Bacteroidales;f__Muribaculaceae;g__Duncaniella;s__Duncaniella sp900762315",0.0936350329227263,0.0562853912042302,0.0593826074909544,0.012319146427843,0.0779595279173739,0.0187426168324761,0.0364647059230386,0.181438286720962,0.0462637213171569,0.0381877775915292,0.0158920925713148,0.014850457412768,0.0218104368026568,0.0297494849083949,0.0738809752196262,0.0517908174175368
"t__d__Bacteria;p__Bacteroidota;c__Bacteroidia;o__Bacteroidales;f__Muribaculaceae;g__HGM05232",0.0575367429999009,0.069232678437354,0.100321485185575,0.115399132551235,0.0869785163403292,0.142112435144679,0.0510895006291527,0.396775621994467,0.0835852674001528,0.146858627784186,0.375830603772165,0.167868387028269,0.0328872524654679,0.065600332211224,0.0805837277861113,0.131510687448685
"t__d__Bacteria;p__Bacteroidota;c__Bacteroidia;o__Bacteroidales;f__Muribaculaceae;g__HGM05232;s__HGM05232 sp900759955",0.0200736834759713,0.0480901218397821,0.108965510976953,0.00989375437480404,0.0752074013947031,0.163446069461011,0.0607144153033616,0.43681780657661,0.0748432818854095,0.1427972196979,0.153080041852408,0.0948506419434568,0.0484885918344523,0.0362889129499294,0.16069369039613,0.108950076264192
"t__d__Bacteria;p__Bacteroidota;c__Bacteroidia;o__Bacteroidales;f__Muribaculaceae;g__Limisoma",0.0490642689987466,0.0276585119150129,0.1352229989673,0.038498329167279,0.0562420206869769,0.106474655713359,0.0262332839079084,0.112499952410737,0.0823962691301888,0.0259614625336335,0.0618255600445666,0.112356034920517,0.0175809775788451,0.136896080602185,0.139804846132105,0.0752476835139574
"t__d__Bacteria;p__Bacteroidota;c__Bacteroidia;o__Bacteroidales;f__Muribaculaceae;g__Limisoma;s__Limisoma intestinavium",0.0565802899345672,0.0222029558425896,0.0301149539425785,0.10885120702211,0.0520957440391657,0.104032059389138,0.0425365186793769,0.175048691221269,0.0551261017761188,0.0721038798710786,0.172344523522591,0.0699461983869364,0.0304850018295945,0.0555277221509373,0.0328664169070166,0.0719908176343379
"t__d__Bacteria;p__Bacteroidota;c__Bacteroidia;o__Bacteroidales;f__Muribaculaceae;g__Limisoma;s__Limisoma sp900548875",0.0197929418844533,0.0954309132280999,0.255873955463702,0.107544136752969,0.0836575284698902,0.0873202486902762,0.0428161061683388,0.282687026956707,0.112500160492806,0.0862556293026461,0.0835409906058223,0.062664657945844,0.125016418559527,0.151028471229698,0.322049546029158,0.127878582118663
"t__d__Bacteria;p__Bacteroidota;c__Bacteroidia;o__Bacteroidales;f__Muribaculaceae;g__Muribaculum",0.0586575680296499,0.0575290955514729,0.198663466415687,0.0883149858947226,0.0975403279049451,0.0848042720990643,0.0505247051561262,0.0948245855054642,0.0767322680654826,0.1201582863643,0.0889928456454798,0.11261361004863,0.232595791862637,0.102354338182887,0.0821337040040316,0.103095990048705
"t__d__Bacteria;p__Bacteroidota;c__Bacteroidia;o__Bacteroidales;f__Muribaculaceae;g__Muribaculum;s__Muribaculum arabinoxylanisolvens",0.0657488906848619,0.0315261472674546,0.0355865250774637,0.0102899328508514,0,0.0140765514978593,0.0141285614435861,0.17764379758141,0.0179545005003093,0.0498445125672809,0.0431659023593869,0.0150789259883491,0.0424743474906531,0.0827087882509792,0.0142175068716618,0.0409629926954738
"t__d__Bacteria;p__Bacteroidota;c__Bacteroidia;o__Bacteroidales;f__Muribaculaceae;g__Muribaculum;s__Muribaculum faecis",0.0264417525405019,0.0326738042537527,0.0464920582694127,0.0680593399139452,0.109690989558881,0.0649743732865253,0.0301935022375685,0.159289500337827,0.0492521130673399,0.0535890373891368,0.167374336943915,0.0419645512940497,0.0593589097592955,0.0614292862806137,0.145051932038265,0.0743890324780687
"t__d__Bacteria;p__Bacteroidota;c__Bacteroidia;o__Bacteroidales;f__Muribaculaceae;g__Muribaculum;s__Muribaculum intestinale",0.0666987783786991,0.0102886481391213,0.0698159670776822,0.0381271456992832,0.0522006939978539,0.052164925431128,0.0193404559759033,0.218978432615599,0.0414691956761327,0.0587383788804599,0.0500129501409148,0.110317257438573,0.125929585415844,0.0759336128239137,0.0808535672629409,0.0713913063302699
"t__d__Bacteria;p__Bacteroidota;c__Bacteroidia;o__Bacteroidales;f__Muribaculaceae;g__Muribaculum;s__Muribaculum sp002473395",0.0203732135927996,0.0969982791574851,0.0848454862456986,0.0232433413008879,0.115139808962713,0.0737167318824732,0.0156455441539183,0.255037095672906,0.0222375798654303,0.192075758906991,0.0711722477038409,0.115971412540738,0.0739491338394491,0.158030268421016,0.0535717336811192,0.0914671757284978
"t__d__Bacteria;p__Bacteroidota;c__Bacteroidia;o__Bacteroidales;f__Muribaculaceae;g__Muribaculum;s__Muribaculum sp910587665",0.044993297012844,0.061678176760197,0.171641277702154,0.0629189657447642,0.320705245154448,0.100059268130951,0.0768299386867614,0.287658139259961,0.0821328771107075,0.22598889145411,0.0596750297177071,0.199125127541391,0.112304741542847,0.122784131770485,0.141976998757213,0.138031473756436
"t__d__Bacteria;p__Bacteroidota;c__Bacteroidia;o__Bacteroidales;f__Muribaculaceae;g__Paramuribaculum;s__Paramuribaculum intestinale",0.0355008349541216,0.0223585175194533,0.114928178349555,0.00603979191485131,0.0504062589434934,0.142712209463778,0.0384610320734761,0.0912069556135857,0.0212980375360108,0.0364782032348181,0.0885036382247011,0.085855610587204,0.0283001135868582,0.154411977103853,0.0450529107079443,0.0641009513209136
"t__d__Bacteria;p__Bacteroidota;c__Bacteroidia;o__Bacteroidales;f__Muribaculaceae;g__Paramuribaculum;s__Paramuribaculum sp910579675",0.0411643414073416,0.059175693720164,0.0358971940701651,0.104373657160497,0.0876245727655305,0.0538161329637841,0.00338275925422832,0.0547386849320161,0.0226411840025646,0.0734835204312797,0.0597313622543276,0.0680766712831963,0.124795041351726,0,0.0878371688455906,0.0584491989628274
"t__d__Bacteria;p__Bacteroidota;c__Bacteroidia;o__Bacteroidales;f__Muribaculaceae;g__Sodaliphilus",0.0218949865572684,0.0458335498939176,0.0766831310166899,0.0516637060828666,0.117448539904127,0.115214032030477,0.0223748120010955,0.158413459493644,0.06449777509138,0.0451785597953253,0.0515813398194687,0.0416335021444547,0.0609340792336826,0.0619487918819945,0.01547878431734,0.0633852699509155
"t__d__Bacteria;p__Bacteroidota;c__Bacteroidia;o__Bacteroidales;f__Muribaculaceae;g__Sodaliphilus;s__Sodaliphilus pleomorphus",0.0247783367998899,0.0657325598629744,0.0712914979889296,0.132954580747576,0.0561382757661283,0.0702563525762699,0.0304913726370644,0.240202999972478,0.128797367436783,0.0970001931441777,0.127824186842277,0.0495239751335071,0.134227261343804,0.100472516142357,0.0698622996507312,0.0933035850696631
"t__d__Bacteria;p__Bacteroidota;c__Bacteroidia;o__Bacteroidales;f__Muribaculaceae;g__Sodaliphilus;s__Sodaliphilus sp018065665",0.05182967266671,0.0618723368891326,0.152988459170654,0.14539529364801,0.0743921726717366,0.371875601230949,0.0684083524892337,0.158760803061043,0.26163273330666,0.156429897337591,0.341581480350415,0.065180797288628,0.223335703504825,0.0970525303550114,0.101259216996202,0.15546633673112
"t__d__Bacteria;p__Bacteroidota;c__Bacteroidia;o__Bacteroidales;f__Muribaculaceae;g__UBA3263",0.0221968647483154,0.0955524017113813,0.121350288062468,0.102714914146333,0.0510128047684082,0.0865592245251583,0.056188375049246,0.209563844962084,0.108869228735122,0.141088086259603,0.159554857476772,0.14329020452249,0.0943646600881566,0.0818814056617602,0.059269794874516,0.102230463706121
"t__d__Bacteria;p__Bacteroidota;c__Bacteroidia;o__Bacteroidales;f__Muribaculaceae;g__UBA3263;s__UBA3263 sp001689615",0.0325481547441737,0.0239231054364434,0.081153543459295,0.0913426345681461,0.0369166603660971,0.106159003907058,0.0210256715551033,0.197542162511853,0.0659738099416955,0.0546224102814313,0.136849559614569,0.11246152283308,0.0837090601151747,0.107770833143797,0.0521994714917231,0.0802798402646427
"t__d__Bacteria;p__Bacteroidota;c__Bacteroidia;o__Bacteroidales;f__Muribaculaceae;g__UBA7173",0.0151356227266962,0.0291545222620642,0.00276436037944066,0.0498540885624311,0.0473036837104657,0.0110353725275327,0.0244233530097898,0.259309665405924,0.0394730973665996,0.0429441604451596,0.117029398184751,0.0345733393212462,0.141921825598831,0.0764260826401483,0.0249911232689351,0.0610893130273343
"t__d__Bacteria;p__Bacteroidota;c__Bacteroidia;o__Bacteroidales;f__Muribaculaceae;g__UBA7173;s__UBA7173 sp001689685",0.118877778097545,0.0243581996871016,0.162584171083965,0.0676257965162931,0.180948921887466,0.0386662240884637,0.0568763909213213,0.0591596664884815,0.0716370933380327,0.0901015617304466,0.167996938036337,0.0573120253355426,0.0664657237966115,0.0578283001300412,0.156113088509009,0.0917701253097772
"t__d__Bacteria;p__Bacteroidota;c__Bacteroidia;o__Bacteroidales;f__Muribaculaceae;g__UBA7173;s__UBA7173 sp001915385",0.0428716524816313,0.0328789206370182,0.0626743141528834,0.0176243391848795,0.122864783167022,0.00613076251529593,0,0.223763212571458,0.0382398331738844,0.0639654281616444,0.0935221261009073,0.141450600985692,0.0388828889703353,0.0685896829870585,0.137012639916252,0.0726980790003975
"t__d__Bacteria;p__Bacteroidota;c__Bacteroidia;o__Bacteroidales;f__Muribaculaceae;g__UBA7173;s__UBA7173 sp004557825",0.0155809937776715,0.0103498614344206,0.043164479814569,0.0198432931785116,0.0125196295294719,0.019166699653083,0.0717319345440331,0.186111163614493,0.010451817805519,0.053697089688733,0.0655173370505501,0.00528016263565085,0.0917151351571757,0.0295622871582968,0.0591463130581217,0.0462558798733534
"t__d__Bacteria;p__Bacteroidota;c__Bacteroidia;o__Bacteroidales;f__P3;g__Onthomorpha",0.0714140546546369,0.0236896931781243,0.444394144145514,0.168754879485685,0.276579350214776,0.182698068300275,0.0594931638531825,0.447862244106245,0.0959049288905039,0.0784282664306832,0.0490071845425534,0.16129420653224,0.164034055402038,0.194068969850374,0.132974320267408,0.170039835323616
"t__d__Bacteria;p__Bacteroidota;c__Bacteroidia;o__Bacteroidales;f__P3;g__Onthomorpha;s__Onthomorpha sp900545215",0.0200948023026982,0.0292428660390124,0.0571954679080195,0.0580650502185796,0,0.115729276156896,0,0.266251104860618,0.180339973066455,0.161620032875548,0.0598405627842033,0.158941310554586,0.0739264492327827,0.168752523132191,0.12690781274287,0.0984604821249639
"t__d__Bacteria;p__Bacteroidota;c__Bacteroidia;o__Bacteroidales;f__P3;g__Onthomorpha;s__Onthomorpha sp900546465",0.0277581747974739,0.0127972098672804,0.148342491283111,0.0130345938286042,0.0358740790884791,0.124870651097207,0.0511943192754621,0.298335582666262,0.0861842321922805,0.0258874547898137,0.0547766679988678,0.134680034524637,0.0461059561095665,0.0128767043628749,0.137435952668461,0.0806769403033587
"t__d__Bacteria;p__Bacteroidota;c__Bacteroidia;o__Bacteroidales;f__P3;g__Pullibacteroides",0.0277685283299363,0.0673575766638377,0.134315565323675,0.0597031336717369,0.0950268140126265,0.331029497280567,0.0665251017339794,0.111586818383972,0.0151444863898699,0.0224323347577715,0.10350703529652,0.157960400484844,0.144239216616715,0.0484426915471893,0.02190308459188,0.093796152339008
"t__d__Bacteria;p__Bacteroidota;c__Bacteroidia;o__Bacteroidales;f__P3;g__UBA10566",0.0952806413498107,0.0603056971796666,0.116490654107654,0.082389256382402,0.113321937460297,0.15185745696029,0.048894800232293,0.2134877457869,0.170683636994186,0.123076393022006,0.0887007921623511,0.0360924347619891,0.0557592091202771,0.029294330736149,0.0940204061121024,0.0986436928245582
"t__d__Bacteria;p__Bacteroidota;c__Bacteroidia;o__Bacteroidales;f__P3;g__UBA10566;s__UBA10566 sp017988355",0.0342468753130346,0.00572545020627256,0.0640279921566341,0.0565059180904125,0.0291773135057549,0.0464317698353824,0.015854548423858,0.125612858482052,0.0215584562184165,0.0574650408514488,0.0439202018441605,0.0699575207843884,0.0364097465838708,0.0422639131277234,0.0238486250581548,0.0448670820321043
"t__d__Bacteria;p__Bacteroidota;c__Bacteroidia;o__Bacteroidales;f__Paludibacteraceae;g__RF16",0.0642042118799765,0.0215037512086609,0.224908224567343,0.160356574915161,0.172704928046032,0.184491994849685,0.0183254373715178,0.117771113515179,0.216154058473186,0.194518048294428,0.0839862886334082,0.0847695637609193,0.038019114487908,0.134545638297446,0.0871895551745662,0.120229900231694
"t__d__Bacteria;p__Bacteroidota;c__Bacteroidia;o__Bacteroidales;f__Paludibacteraceae;g__RF16;s__RF16 sp002368645",0.0619936641989622,0.0648702095566914,0.0318519137098509,0.0969119221760103,0.0583020267021977,0.0828437405458157,0,0.237299888574662,0.083000830637247,0.120338738981401,0.0524388500836187,0.125206373942189,0.0187423920018244,0.0771805433756178,0.115656224100755,0.0817758212391228
"t__d__Bacteria;p__Bacteroidota;c__Bacteroidia;o__Bacteroidales;f__Paludibacteraceae;g__RF16;s__RF16 sp017625155",0.0147789537338965,0.0269526179676534,0.0251631506971787,0.00574191102109163,0.0357231167261255,0.123238337127602,0.0155840989744548,0.151694053689169,0.0512416720866408,0.102439918079417,0.0590560340017885,0.126873848963884,0.0378144748261718,0.00909964180394165,0.0132489126757401,0.0532433828249837
"t__d__Bacteria;p__Bacteroidota;c__Bacteroidia;o__Bacteroidales;f__Paludibacteraceae;g__RF16;s__RF16 sp017628395",0.0493035842764542,0.0320034517070703,0.175733852631033,0.07851030844039,0.0578137229869525,0.041979596991574,0.0457913450449292,0.165819447165941,0,0.0128173330396916,0.0867135359416012,0.0965622179352526,0.102337706865506,0.0540580454799953,0.0557436948677226,0.0703458562249409
"t__d__Bacteria;p__Bacteroidota;c__Bacteroidia;o__Bacteroidales;f__Porphyromonadaceae;g__Porphyromonas",0.118427281770572,0.0258293501492406,0.358485542071967,0.0742918003702257,0.165362416413971,0.113890532565635,0.0844443101655868,0.429175025080084,0.0699541400265502,0.0876815684375886,0.345618779042607,0.245394205366073,0.115148395520605,0.193984921615976,0.161553921856721,0.172616146030227
"t__d__Bacteria;p__Bacteroidota;c__Bacteroidia;o__Bacteroidales;f__Porphyromonadaceae;g__Porphyromonas_A",0.0493726324831064,0.0208804970559645,0.156397070116835,0.105811608960791,0.0786958622989148,0.163019133100057,0.0984304869663452,0.312945627413352,0.116054431024811,0.112821990167156,0.128236310756065,0.240246539150337,0.315081730658689,0.181975560516406,0.122617147098804,0.146839108517842
"t__d__Bacteria;p__Bacteroidota;c__Bacteroidia;o__Bacteroidales;f__Porphyromonadaceae;g__Porphyromonas_A;s__Porphyromonas_A levii",0.151018765011474,0.0384474389554475,0.231335036673091,0.117545535581352,0.0588193235910677,0.303127592062119,0.0284756296872744,0.181051331878187,0.00771707821358117,0.0621459610740603,0.157317093330663,0.234259750802343,0.188164799945361,0.226087990772962,0.183613535725864,0.144608457553657
"t__d__Bacteria;p__Bacteroidota;c__Bacteroidia;o__Bacteroidales;f__Porphyromonadaceae;g__Porphyromonas_A;s__Porphyromonas_A sp001808555",0,0.0363723714618358,0.097804421133755,0.0296701437700948,0.0331618983809682,0.0950058339941162,0.069746565665206,0.14708928638417,0.0388415143514321,0.0745744125153403,0.0796632367518183,0.0585064218130976,0.120730510964993,0.170944896484311,0.135267364355417,0.079158591868437
"t__d__Bacteria;p__Bacteroidota;c__Bacteroidia;o__Bacteroidales;f__Porphyromonadaceae;g__Porphyromonas_A;s__Porphyromonas_A sp004555765",0.012480736184423,0,0.25235896924249,0.0516917306256116,0.0547796556528419,0.0225305522437125,0.0494508500891694,0.25497940289436,0.0951087033686757,0.00584281214100741,0.0186968024038632,0.1579762320629,0.0685149138412613,0.0725253615342299,0.0869672216663963,0.0802602629300628
"t__d__Bacteria;p__Bacteroidota;c__Bacteroidia;o__Bacteroidales;f__Porphyromonadaceae;g__Porphyromonas_A;s__Porphyromonas_A sp900554935",0.0587264638331731,0.0531265256382183,0.161944019127634,0.0485445466125772,0.0333216328122254,0.119028670087917,0.0379539535326616,0.410804276276951,0.183455394741225,0.0366246610480167,0.0569312132317593,0.00712821955812866,0.0783312794225749,0.0887162747968893,0.135366822061653,0.10066693018544
"t__d__Bacteria;p__Bacteroidota;c__Bacteroidia;o__Bacteroidales;f__Porphyromonadaceae;g__Porphyromonas;s__Porphyromonas asaccharolytica",0.0180534909823079,0.0642441269494127,0.125377804000314,0.0455191580099822,0.025068942565706,0.0797971674329311,0.0212033086560963,0.0535493611483995,0.0279256944680085,0.0715946958168963,0.158660605568571,0.0430915875422937,0.156929480924796,0.0755312054878688,0.0264622673464459,0.0662005931266686
"t__d__Bacteria;p__Bacteroidota;c__Bacteroidia;o__Bacteroidales;f__Porphyromonadaceae;g__Porphyromonas;s__Porphyromonas endodontalis",0.0441737759443615,0.0623135515902755,0.187999393724491,0.0118725480021388,0.0573403452147058,0.126080836901427,0.104286736067892,0.186117472437448,0.114600950845216,0.0440494729073712,0.115163082181797,0.0521484633811245,0.0408935482363858,0.105647000368286,0.0785568186569802,0.0887495997639933
"t__d__Bacteria;p__Bacteroidota;c__Bacteroidia;o__Bacteroidales;f__Porphyromonadaceae;g__Porphyromonas;s__Porphyromonas gingivalis",0.0150932915282985,0.012044988261326,0.185527705450318,0.0300244771914001,0.0578869238547449,0.0359216773942152,0.0463188745199695,0.309824572400136,0.0639658347531071,0,0.171493370363491,0.0149052056428612,0.0430872026996972,0.0575334584721083,0.0218941441728588,0.0710347817803021
"t__d__Bacteria;p__Bacteroidota;c__Bacteroidia;o__Bacteroidales;f__Porphyromonadaceae;g__Porphyromonas;s__Porphyromonas sp900538385",0.0750252799669678,0.0428969117561067,0.0681249689925038,0,0.0820784442128677,0.0740771014695105,0.0369551725957131,0.0645580448458707,0.0090951278945778,0.0516919834032526,0.460953722247946,0.0581865044682188,0.0455653235292622,0.130959716041968,0.0747411363566261,0.0849939625187595
"t__d__Bacteria;p__Bacteroidota;c__Bacteroidia;o__Bacteroidales;f__Porphyromonadaceae;g__Porphyromonas;s__Porphyromonas sp900539155",0.00326237029446383,0.00744876391113603,0.0440158286155981,0.0630458069476535,0.0370564108143556,0.034416105898454,0.0384078173850287,0.119239596120892,0.0423832959887326,0.0072800203010529,0.0870981759344872,0.103070194585647,0.0317422665390506,0.0417468382543401,0.0862560675685279,0.0497646372772947
"t__d__Bacteria;p__Bacteroidota;c__Bacteroidia;o__Bacteroidales;f__Porphyromonadaceae;g__Porphyromonas;s__Porphyromonas sp900539765",0,0.0236295373372042,0.0531859725724942,0.0226982757638825,0.0576780178504686,0,0.0324916199639117,0.172210192494109,0.03270595823495,0.0304953357576772,0.100067561323954,0.0253576381900096,0.254031329679126,0.0468189528966464,0.0297806114922468,0.058743400237112
"t__d__Bacteria;p__Bacteroidota;c__Bacteroidia;o__Bacteroidales;f__Porphyromonadaceae;g__Porphyromonas;s__Porphyromonas sp900546675",0.0207896146215833,0.0181537655097604,0.0239745436544217,0.0594293251750037,0.0177956966567248,0.0915980217488874,0.0287657814909554,0.0880384159811368,0.0177225941453871,0.0167581067587094,0.208840814478355,0.0824737584358279,0.0568817809511438,0.168274073182647,0.0852341149192042,0.0656486938473165
"t__d__Bacteria;p__Bacteroidota;c__Bacteroidia;o__Bacteroidales;f__Porphyromonadaceae;g__Porphyromonas;s__Porphyromonas uenonis",0.026792190897667,0.0146188394526848,0.192447479677979,0,0.0397841214427382,0.0357846616251016,0.00612118341241314,0.0451444640982266,0.0670411207433768,0.0141341657120896,0.0590769700432977,0.0906761399521999,0.0661085818075727,0.0955552087214784,0.0292843030174096,0.0521712953736157
"t__d__Bacteria;p__Bacteroidota;c__Bacteroidia;o__Bacteroidales;f__Porphyromonadaceae;g__Porphyromonas;s__Porphyromonas uenonis_A",0.0128289830319929,0.0389838891280528,0.0731911577644434,0.0266654890042059,0.0397759016280323,0.0459666042658133,0.0397183775284159,0.114051422302346,0.0256855806996943,0.0195891203701342,0.0336243865251,0.101303587231285,0.0303695563757145,0.116341237375003,0.0537624246901506,0.0514571811946923
"t__d__Bacteria;p__Bacteroidota;c__Bacteroidia;o__Bacteroidales;f__Rikenellaceae;g__Alistipes",0.0308106104309608,0.0405157928105432,0.150405211738253,0.0844344877592492,0.0938389256846505,0.107113067869536,0.101503127370589,0.376927767760456,0.0800994364809824,0.219111919176,0.0433463289029009,0.183537451778385,0.16465909741631,0.272985068314316,0.228905868477693,0.145212944131388
"t__d__Bacteria;p__Bacteroidota;c__Bacteroidia;o__Bacteroidales;f__Rikenellaceae;g__Alistipes_A",0.116606576251232,0.156224185306333,0.666506420254463,0.118994272512839,0.122225526957589,0.214805039195314,0.101779018498188,0.32612355092697,0.122089712310757,0.166911466719641,0.213964018403194,0.0405315341365199,0.10418479289354,0.0965117120511045,0.224076663254819,0.1861022993115
"t__d__Bacteria;p__Bacteroidota;c__Bacteroidia;o__Bacteroidales;f__Rikenellaceae;g__Alistipes_A;s__Alistipes_A ihumii",0.00613038813575072,0.0610199002693353,0.384025117157426,0.162914747793443,0.0949566118481251,0.257365475559095,0.0356887682154154,0.117314641120286,0.126654372842207,0.0866879262407741,0.140376157675681,0.0822711973614971,0.178505513000819,0.220815998710535,0.0487005277014098,0.133561822908787
"t__d__Bacteria;p__Bacteroidota;c__Bacteroidia;o__Bacteroidales;f__Rikenellaceae;g__Alistipes_A;s__Alistipes_A indistinctus",0.0733114310171991,0.0632285877092423,0.146827288435384,0.0957669734071826,0.118149420077295,0.240692537669617,0.147768386712885,0.153429433124145,0.0605850672365969,0.0766153766470255,0.126978388582769,0.107827604142659,0.225569395730014,0.0689046818720177,0.167768665129636,0.124894882499578
"t__d__Bacteria;p__Bacteroidota;c__Bacteroidia;o__Bacteroidales;f__Rikenellaceae;g__Alistipes_A;s__Alistipes_A pullistercoris",0.096036120510467,0.0313856634895411,0.0399252620516357,0.139725545488664,0.111034571218698,0.14045232814968,0.0627338485508771,0.104080688941957,0.0737401918280556,0.118539360676564,0.168152321576936,0.0526045470850603,0.0597933032450009,0.0822807646245371,0.0903855362361194,0.0913913369115862
"t__d__Bacteria;p__Bacteroidota;c__Bacteroidia;o__Bacteroidales;f__Rikenellaceae;g__Alistipes_A;s__Alistipes_A sp900539755",0.0257168274856027,0.00911101438393691,0,0.062584507577955,0.0539264894517738,0.0982575830086903,0.0564744995270285,0.143199288787766,0.00916788891773443,0.107475727067694,0.0492569895976804,0.0291290753498127,0.0547794255467491,0.0625787742178901,0.0844382636231426,0.0564064236362304
"t__d__Bacteria;p__Bacteroidota;c__Bacteroidia;o__Bacteroidales;f__Rikenellaceae;g__Alistipes_A;s__Alistipes_A sp900545315",0.186587139341949,0.195181483299871,0.50333791623742,0.227774112989445,0.024759198418357,0.277209984485635,0.118369030359807,0.339104642803443,0.162261659507454,0.293691797386708,0.305701088702752,0.131663794794701,0.220716448586672,0.116011744986263,0.0625433675344034,0.210994227295659
"t__d__Bacteria;p__Bacteroidota;c__Bacteroidia;o__Bacteroidales;f__Rikenellaceae;g__Alistipes_A;s__Alistipes_A sp900549685",0.0146982532269442,0.0386904454156717,0.123588250329123,0.174043495719895,0.0479062095193637,0.172926055069278,0.0269822340369039,0.0779127706937004,0.135734215988902,0.0651612282440521,0.18975488535247,0.0902176225149772,0.17695673877982,0.078904995110237,0.123057681491491,0.102435672099522
"t__d__Bacteria;p__Bacteroidota;c__Bacteroidia;o__Bacteroidales;f__Rikenellaceae;g__Alistipes;s__Alistipes avicola",0.0837518584426961,0.050427568930368,0.238129836220119,0.0364221018503091,0.0915781434275036,0.179310357046403,0.0569870051991146,0.0670810601281454,0.0517171282754528,0.0302993978836145,0.0466047728773822,0.152484820876113,0.0106379285609559,0.050615799063403,0.115279426153884,0.084088480329031
"t__d__Bacteria;p__Bacteroidota;c__Bacteroidia;o__Bacteroidales;f__Rikenellaceae;g__Alistipes;s__Alistipes avistercoris",0.0450685539273501,0.0120541671293035,0.138198157991549,0.0287017029194464,0.0663757182251133,0.073512799816626,0.0682113352183914,0.162750404753861,0.0771296751920435,0.0565224182872983,0.0376574587490552,0.117381238396674,0.0698807681563446,0.0522225197642558,0.0804128606718404,0.0724053186132768
"t__d__Bacteria;p__Bacteroidota;c__Bacteroidia;o__Bacteroidales;f__Rikenellaceae;g__Alistipes;s__Alistipes communis",0.040160078536293,0.0140984697503088,0.158634699141063,0.028875441583304,0.0252962482525232,0.0365531089244622,0.0711942060091001,0.0827190335790103,0.0531666072714618,0.212179392484819,0.0258995927867744,0.159268637757364,0.00733398586487297,0.0268624230077457,0.0854646409588478,0.06851377106053
"t__d__Bacteria;p__Bacteroidota;c__Bacteroidia;o__Bacteroidales;f__Rikenellaceae;g__Alistipes;s__Alistipes cottocaccae",0.0622426206887614,0.0236411417894871,0.0588524288277106,0.0673809163698006,0.0787082262548907,0.0922591129599204,0.0866865688445466,0.165801002554391,0.102328494929608,0.0719788985306229,0.0685689233316045,0.0320449538384718,0.0482109898049758,0.0703233328703291,0.152377268447306,0.0787603253361618
"t__d__Bacteria;p__Bacteroidota;c__Bacteroidia;o__Bacteroidales;f__Rikenellaceae;g__Alistipes;s__Alistipes dispar",0.0874882180587604,0.0423246208636378,0.405107492362394,0.161131274584731,0.425937743874933,0.0945824646017169,0.0963525146961748,0.237499217957739,0.221880987649371,0.280939979324098,0.145007059264853,0.0892480537132473,0.161081534452053,0.169317406409356,0,0.174526571187538
"t__d__Bacteria;p__Bacteroidota;c__Bacteroidia;o__Bacteroidales;f__Rikenellaceae;g__Alistipes;s__Alistipes excrementavium",0.0497873407410523,0.0709859140066865,0.186254220046536,0.0507575455196191,0.0168381627975469,0.11675774173655,0.0266805356090979,0.144436850608907,0.10460211224307,0.158988210781029,0.0516328139423542,0.0664862223906195,0.121635647105082,0.0944589734976476,0.083999700804713,0.0896201327887007
"t__d__Bacteria;p__Bacteroidota;c__Bacteroidia;o__Bacteroidales;f__Rikenellaceae;g__Alistipes;s__Alistipes excrementigallinarum",0.0470744872588738,0.0263950820132312,0.0282219276562661,0.0954165831927928,0.0294326131579382,0.119661564126356,0.0380051661175828,0.188511606902038,0.126214775763582,0.0475892064547866,0.0546654181284052,0.111833259637372,0.0335899413497158,0.137248008534208,0.0225231515487581,0.0737588527894605
"t__d__Bacteria;p__Bacteroidota;c__Bacteroidia;o__Bacteroidales;f__Rikenellaceae;g__Alistipes;s__Alistipes excrementipullorum",0.0227965610107149,0.0359301633792478,0.112669157045255,0.132823484480115,0.135901100364911,0.19339242361687,0.0206509398281938,0.316739856190564,0.0694785621644925,0.0704596088190888,0.031559003741652,0.0360867889378461,0.00607560171646345,0.094154258473535,0.159763054851124,0.0958987043080049
"t__d__Bacteria;p__Bacteroidota;c__Bacteroidia;o__Bacteroidales;f__Rikenellaceae;g__Alistipes;s__Alistipes faecavium",0.0260537702756688,0.0301131337303549,0.167743772318234,0.108627558370813,0.140930586279947,0.211109335786383,0.0501626167094369,0.32563915661081,0.127441147510666,0.111359372717554,0.0397347216071146,0.101167360989884,0.168942684223465,0.212309532316467,0.0817127346475887,0.126869832272959
"t__d__Bacteria;p__Bacteroidota;c__Bacteroidia;o__Bacteroidales;f__Rikenellaceae;g__Alistipes;s__Alistipes faecigallinarum",0.0280789360388665,0.070219324895934,0.410031869737788,0,0.0646908500578872,0.0611291529913807,0.0734045457379828,0.319383362658917,0.0869394960628529,0.132328651143456,0.0731200359136856,0.0389763033724687,0.0830676904315572,0.170783413256654,0.0495966934660858,0.110783355051034
"t__d__Bacteria;p__Bacteroidota;c__Bacteroidia;o__Bacteroidales;f__Rikenellaceae;g__Alistipes;s__Alistipes finegoldii",0.0113993844400358,0.0581473598236156,0.11779743945912,0.1223194833546,0.00896846617223829,0.0700989867521495,0.201729683203554,0.13105626695527,0.144720254080125,0.0470213495607723,0.0675491036111092,0.082424893236514,0.016050458604321,0.0603720783821455,0.0833666193110778,0.0815347884631099
"t__d__Bacteria;p__Bacteroidota;c__Bacteroidia;o__Bacteroidales;f__Rikenellaceae;g__Alistipes;s__Alistipes intestinigallinarum",0.0810979604049069,0.0399858657324696,0.226084746942113,0.107856314535374,0.0278204275253939,0.0449494720160574,0.0846471320581142,0.360219771549056,0.208584797566652,0.0588135567423255,0.0859276383478475,0.116657571993428,0.10835420243622,0.033673007642775,0.111609701679846,0.113085477811505
"t__d__Bacteria;p__Bacteroidota;c__Bacteroidia;o__Bacteroidales;f__Rikenellaceae;g__Alistipes;s__Alistipes intestinipullorum",0.00770988414787696,0.0262365185760566,0.0293141280360131,0.0509829994742829,0.0679249808129194,0.0786607692180987,0.0548852962989815,0.0749958797943448,0.0831021274557002,0.0286761775273182,0.0585292862321142,0.049831073321277,0.0683367160952742,0.0956903194182832,0.098716226660874,0.0582394922046277
"t__d__Bacteria;p__Bacteroidota;c__Bacteroidia;o__Bacteroidales;f__Rikenellaceae;g__Alistipes;s__Alistipes merdavium",0.0295323514918216,0.0289262362222498,0.246952992775036,0.206788856221315,0.0209286400161911,0.0505098186768875,0.0528969105680602,0.142517095110968,0.0837701592290908,0.215391195023501,0.0440773454022483,0.0600709392092752,0.12623468214163,0.0502235639507158,0.088859049749519,0.0965119890525672
"t__d__Bacteria;p__Bacteroidota;c__Bacteroidia;o__Bacteroidales;f__Rikenellaceae;g__Alistipes;s__Alistipes onderdonkii",0.122449705741371,0.0492006138127274,0.112422408853909,0.0378040295645083,0.071469363875063,0.0870520535477411,0.0859426220877692,0.249182985432941,0.0140950163842174,0.0630195730199548,0.0986900336835721,0.0941587651862695,0.178354484049231,0.126185474733913,0.0999940435784495,0.0993347449034425
"t__d__Bacteria;p__Bacteroidota;c__Bacteroidia;o__Bacteroidales;f__Rikenellaceae;g__Alistipes;s__Alistipes provencensis",0.0260349943107212,0.0191478645049703,0.499067549611817,0.0409218994146986,0.0326457445607258,0.0358009015549595,0.0587405628254679,0.273846947723251,0.128289031094664,0.0259256953474822,0.0666546195739322,0.0943162919750036,0.109230262024797,0.113145225616091,0.185098379569232,0.113924397980521
"t__d__Bacteria;p__Bacteroidota;c__Bacteroidia;o__Bacteroidales;f__Rikenellaceae;g__Alistipes;s__Alistipes putredinis",0.0144038591485873,0.0445523484576738,0.217284175582382,0.0391627777335993,0.0492845966212145,0.0434753451558719,0.00974213437123507,0.220501873494246,0.117429281672988,0.0679215438247909,0.0367401754069088,0.0547327762679649,0.042139222747079,0.11537634187079,0.150960122125466,0.0815804382987199
"t__d__Bacteria;p__Bacteroidota;c__Bacteroidia;o__Bacteroidales;f__Rikenellaceae;g__Alistipes;s__Alistipes senegalensis",0.0389078849158934,0.0180677963830006,0.130240487482011,0.168204057951483,0.0503357670915002,0.0998027916087968,0.0458903433664988,0.163022140167281,0.303411558217249,0.0732545882102281,0.0593716763047379,0.176195597497764,0.0481929875793463,0.288793348763537,0.0803204650651311,0.116267432706964
"t__d__Bacteria;p__Bacteroidota;c__Bacteroidia;o__Bacteroidales;f__Rikenellaceae;g__Alistipes;s__Alistipes shahii",0.0211136702691148,0,0.184828943513358,0.0832516716757115,0.136427069622704,0.127878300400431,0.127583532574456,0.272976311333246,0.189619884711355,0.141381089418565,0.0813715727551893,0.0844328986051997,0.155781416719931,0.121561196608171,0.1061929546483,0.122293367523716
"t__d__Bacteria;p__Bacteroidota;c__Bacteroidia;o__Bacteroidales;f__Rikenellaceae;g__Alistipes;s__Alistipes sp001941065",0.0593054803045388,0.044335585890167,0.0805021304533112,0.0275576080375042,0.0644904807831589,0.135852416637106,0.165096249558511,0.410289355045312,0.0545722257802998,0.0631830971235464,0.00564174649795873,0.097160079070221,0.0655971843058352,0.122789215839131,0.159084973488525,0.103697188587675
"t__d__Bacteria;p__Bacteroidota;c__Bacteroidia;o__Bacteroidales;f__Rikenellaceae;g__Alistipes;s__Alistipes sp002362235",0.0504509689581054,0.0140933212823588,0.299157838995294,0.066461170091605,0.0810874692182447,0.15492199586284,0.0930605832265868,0.264255031966349,0.0781552150538432,0.0283251877000658,0.0661215141022509,0.0324841214309212,0.0502778997441784,0.180696820004471,0.124380808881133,0.105595329767883
"t__d__Bacteria;p__Bacteroidota;c__Bacteroidia;o__Bacteroidales;f__Rikenellaceae;g__Alistipes;s__Alistipes sp002428825",0.0792808223832602,0.0138240504586193,0.165814190125751,0,0.0966922678050456,0.0433186293436212,0.100221002232419,0.169374675415327,0.144413035413984,0.0547284628572114,0.137760616738296,0.05712100368078,0.0858600665465657,0.144542428940249,0.043075430488223,0.08906844549529
"t__d__Bacteria;p__Bacteroidota;c__Bacteroidia;o__Bacteroidales;f__Rikenellaceae;g__Alistipes;s__Alistipes sp017399485",0.0361688428465025,0.0262632385222899,0.0770330896102647,0.123877364539162,0.0482355712519378,0.0512706910922033,0.0844097017850882,0.223926099433969,0.0380897120017677,0.110428017367945,0.135204116859367,0.0190993555797736,0.0531185611877222,0.273061308528543,0.0513461816452632,0.0901021234834533
"t__d__Bacteria;p__Bacteroidota;c__Bacteroidia;o__Bacteroidales;f__Rikenellaceae;g__Alistipes;s__Alistipes sp017936685",0.0375430025092282,0,0.122538074463179,0.11493961889336,0.0190141834286951,0.0800945867021434,0.0231283646153295,0.225559402153699,0.0313649879226107,0.00683738930894737,0.0526230723161105,0.0942629007366654,0.0960237299677854,0.0880990749137315,0.0559128957588901,0.069862752246025
"t__d__Bacteria;p__Bacteroidota;c__Bacteroidia;o__Bacteroidales;f__Rikenellaceae;g__Alistipes;s__Alistipes sp900541585",0.00637974635361816,0.0175130294308194,0.114006749049451,0.0334180456019756,0.0180851859546011,0.0612599131537624,0.0249144309881161,0.266190406075672,0.0633944722221726,0.0272012325063488,0.0756613381608075,0.029068210571235,0.090921336877288,0.0174439238963429,0.0294187844618626,0.0583251203536048
"t__d__Bacteria;p__Bacteroidota;c__Bacteroidia;o__Bacteroidales;f__Rikenellaceae;g__Alistipes;s__Alistipes sp900549305",0.043162483668803,0.021683089447733,0.118582108752814,0.0390431498805335,0.147361536456922,0.0520968258382876,0.103421250421352,0.30744029050263,0.150659412586981,0.0657301084367885,0.0167823978892229,0.140604636488334,0.101089953458788,0.073350373677793,0.15821872184172,0.102615089289913
"t__d__Bacteria;p__Bacteroidota;c__Bacteroidia;o__Bacteroidales;f__Rikenellaceae;g__Alistipes;s__Alistipes sp900550375",0.0108715863927698,0.00568981018755899,0.0124792503746515,0.0255095544914953,0.0176286350146413,0.0814505444868166,0.0239848857469874,0.200476649077787,0.0246612538276922,0.0881203616109959,0.201634271576715,0.103743954556915,0.0542756550149869,0.0263841243448432,0.0365571849756531,0.0608978481120339
"t__d__Bacteria;p__Bacteroidota;c__Bacteroidia;o__Bacteroidales;f__Rikenellaceae;g__Alistipes;s__Alistipes sp900553175",0.0372892942471246,0.00901060150540649,0.0932921889875691,0.0870847238736966,0.0681109753162253,0.0391012601998283,0.0350225572672688,0.0502127819552919,0.0216932739179006,0.0375358526738502,0.0603798193930856,0.0174827496708048,0.033917416945585,0.0877571637114213,0.0881344592174336,0.0510683412588328
"t__d__Bacteria;p__Bacteroidota;c__Bacteroidia;o__Bacteroidales;f__Rikenellaceae;g__Alistipes;s__Alistipes sp900760675",0.0221157400391115,0.0337865337605745,0.0155329681531261,0.0595591772148948,0,0.065073605510587,0.0593507534935993,0.172851728267651,0.103070221850563,0.00823773923472216,0.0703369876782547,0.046362593816938,0.0710314885490091,0.0489217386307326,0.0552853470415969,0.055434441549424
"t__d__Bacteria;p__Bacteroidota;c__Bacteroidia;o__Bacteroidales;f__Rikenellaceae;g__Alistipes;s__Alistipes sp900770635",0.0336097626686852,0.0563535691642602,0.0679158527152873,0.127748746551624,0.00480886117448195,0.0658716208016188,0.0422530391741761,0.175376770635224,0.0399362043139673,0.224629831894523,0.115984672953401,0.104926618773613,0.0475902665307239,0.0432622149791259,0.0621391245319514,0.0808271437908442
"t__d__Bacteria;p__Bacteroidota;c__Bacteroidia;o__Bacteroidales;f__Rikenellaceae;g__Alistipes;s__Alistipes sp902363575",0.0364520955318168,0.0284376850198051,0.168947292000684,0.0458228807964036,0.045638485204875,0.0749518970867693,0.0461652919940637,0.193046453031035,0.0939282011327314,0.315187064387322,0.141803249234312,0.0366941607865798,0.108338702441962,0.108623440479386,0.0570331126997254,0.100071334121831
"t__d__Bacteria;p__Bacteroidota;c__Bacteroidia;o__Bacteroidales;f__Rikenellaceae;g__Alistipes;s__Alistipes sp902388705",0.0202057626752534,0.0263642060639944,0.155175318307704,0.117419689128518,0.0339476565566211,0.0667316960223455,0.117164288854956,0.0582123673158163,0.0549347095719012,0.0569287957306366,0.0614291996573454,0.14602852181426,0.163875431253966,0.0804530813704244,0.0549892002371064,0.0809239949707233
"t__d__Bacteria;p__Bacteroidota;c__Bacteroidia;o__Bacteroidales;f__Rikenellaceae;g__Alistipes;s__Alistipes sp905214725",0,0.0169734149238973,0.0505097424154033,0.0642917302050866,0.0561208528322301,0.0269641299113235,0.00442013875885833,0.241659388948924,0.0357690744089278,0.0433244135072455,0.0269274567283524,0.0870201327901315,0.0324762185884486,0.06828848894502,0.0117768112673245,0.0511014662820782
"t__d__Bacteria;p__Bacteroidota;c__Bacteroidia;o__Bacteroidales;f__Rikenellaceae;g__Alistipes;s__Alistipes sp910575495",0.0572987425177676,0.0680461542987517,0.135401715162183,0.0938568228729138,0.0469169589797952,0.0916398187202718,0.0940817876201182,0.224684528636595,0.011169724115814,0.00574340701951579,0.0266584534065558,0.103623684937717,0.187932199266952,0.141985499499768,0,0.0859359664703146
"t__d__Bacteria;p__Bacteroidota;c__Bacteroidia;o__Bacteroidales;f__Rikenellaceae;g__Alistipes;s__Alistipes sp910576555",0.0228149933082987,0.0407180481172889,0.18692323955077,0.124718030244211,0.0622082040612866,0.0241366262420378,0.06065183633654,0.39101282922952,0.0515077061005609,0.0469601813152131,0.0117014001439144,0.0768889756968787,0.0723133847757238,0.0859787937982034,0.0630324179594772,0.0881044444586616
"t__d__Bacteria;p__Bacteroidota;c__Bacteroidia;o__Bacteroidales;f__Rikenellaceae;g__Alistipes;s__Alistipes sp910577475",0.0199117234938974,0.0585812391581815,0.291818999966939,0.255460580817781,0.0798359349101774,0.0298557871528733,0.0985131102524103,0.317647496146737,0.0716671780229391,0.160676538839391,0.131864054549606,0.213727676352081,0.0606601466204291,0.083235661954413,0.133106300401143,0.133770828575933
"t__d__Bacteria;p__Bacteroidota;c__Bacteroidia;o__Bacteroidales;f__Rikenellaceae;g__Alistipes;s__Alistipes sp910580175",0.0300382988338703,0.022288630811645,0.23414891337231,0.0886110457241723,0.121805443799009,0.0311647094527543,0.0105459290115717,0.0792823383189052,0.016939868956265,0.0512939146644256,0.0363174388462835,0.117451305711921,0.0226741655663604,0.185630143243012,0.0457139630315388,0.0729270739562696
"t__d__Bacteria;p__Bacteroidota;c__Bacteroidia;o__Bacteroidales;f__Rikenellaceae;g__Alistipes;s__Alistipes sp910586375",0.0421232024601475,0.030229413380167,0.226424374106516,0.0413225163302191,0.0646088408803066,0.162557643915493,0.0605673553867147,0.119063719184453,0.0377702711571726,0.190297369319301,0.0807372639745665,0.0217847874229712,0.0639060143319515,0.250869741664798,0.112466328901816,0.100315256161106
"t__d__Bacteria;p__Bacteroidota;c__Bacteroidia;o__Bacteroidales;f__Rikenellaceae;g__Alistipes;s__Alistipes sp910587675",0.0836249543789842,0.00219542515275588,0.133056404428032,0.181091183994281,0.0744227739468358,0.0260629603869126,0.0943929897028049,0.107269530484919,0.0145122260471725,0.0177231801511632,0.0432022904568242,0.058955110321263,0.0971935153422566,0.112640987714266,0.039303095905089,0.0723764418942373
"t__d__Bacteria;p__Bacteroidota;c__Bacteroidia;o__Bacteroidales;f__Rikenellaceae;g__Alistipes;s__Alistipes stercoravium",0.00712888323605059,0.0598921598676517,0.177998083670248,0.095788676262228,0.0693125411771035,0.0340716054975942,0.0111794892732332,0.126519736770857,0.0930099932349021,0.0399578517603864,0.125586431946221,0.171344926434875,0.0165785899651261,0.109211393291672,0.0593658349793767,0.079796413157835
"t__d__Bacteria;p__Bacteroidota;c__Bacteroidia;o__Bacteroidales;f__Rikenellaceae;g__Alistipes;s__Alistipes stercorigallinarum",0.0189810635314259,0.00923102457636264,0.10274041020708,0.0206640619029648,0.0269658692288551,0.141807521873272,0.0115524725902828,0.368941944765745,0.0745474954172043,0.0805609717843889,0.0636160832136533,0.0176005421188362,0.0121120415186884,0.0517269552036004,0.0455684340545751,0.0697744594657956
"t__d__Bacteria;p__Bacteroidota;c__Bacteroidia;o__Bacteroidales;f__Rikenellaceae;g__DSM-108975",0.032564402168242,0.0284594912843436,0.0511471866625817,0.104226538306542,0.0443398637002586,0.0515799468515196,0.0376012206612924,0.195989946567871,0.0423868637788083,0.0389467815648857,0.0520548650458122,0.0587636678740453,0.152193630450183,0.115071277866334,0.0362601820599202,0.0694390576561759
"t__d__Bacteria;p__Bacteroidota;c__Bacteroidia;o__Bacteroidales;f__Rikenellaceae;g__DSM-108975;s__DSM-108975 sp014982715",0.0439931303909107,0.0411605848082752,0.128460076840114,0.00584222393201217,0.0204381549677399,0.0925371086382681,0.0996356500250929,0.230969699462157,0.0059421502244575,0.0674761131534449,0.0385127826460992,0.0903775575461672,0.095315354063135,0.0900432594757018,0.12233473969591,0.0782025723912991
"t__d__Bacteria;p__Bacteroidota;c__Bacteroidia;o__Bacteroidales;f__Rikenellaceae;g__RGIG1874",0.0567135932380259,0.133234070816847,0.361718030069642,0.0714965635379286,0.16491196486418,0.505750404581657,0.0906733051893517,0.272080495787907,0.288559959742966,0.191489829989716,0.240971357895115,0.159787887628047,0.154874951843298,0.0427851796854605,0.3245693643468,0.203974463947796
"t__d__Bacteria;p__Bacteroidota;c__Bacteroidia;o__Bacteroidales;f__Rikenellaceae;g__RGIG1874;s__RGIG1874 sp017415005",0.00776126471298795,0.0958292133140779,0.466644812739372,0.274960365260111,0.136555960566696,0.413055184274876,0.105538593907483,0.252890163277462,0.13551837142582,0.189821885464292,0.252583620986903,0.190899671822075,0.193124276098983,0.222333948134547,0.231372953566441,0.211259352370142
"t__d__Bacteria;p__Bacteroidota;c__Bacteroidia;o__Bacteroidales;f__Rikenellaceae;g__Tidjanibacter;s__Tidjanibacter gallistercoris",0.00979520609504028,0.00603741917007868,0.145795136381735,0.0670625652541883,0.000903908401611415,0.159301667545923,0.00828384856410102,0.157176070462199,0.0460625452512056,0.0399790210442243,0.0426385751997324,0.0495813626697072,0.0484020739510043,0.0766588935928258,0.0279699267598957,0.0590432146895648
"t__d__Bacteria;p__Bacteroidota;c__Bacteroidia;o__Bacteroidales;f__Rikenellaceae;g__Tidjanibacter;s__Tidjanibacter inops_A",0.0571376126223778,0.0212132955385037,0.130290206765729,0.0162147641142622,0.0123311595015285,0.0319475606662459,0.0712505823487425,0.28183647018628,0.138091518874286,0.0298966572695029,0.084636518751399,0.0471001644243546,0.0719733014493433,0.0431836284567588,0.10629668601692,0.0762266751324156
"t__d__Bacteria;p__Bacteroidota;c__Bacteroidia;o__Bacteroidales;f__Rikenellaceae;g__Tidjanibacter;s__Tidjanibacter sp910577285",0.0566222558757074,0.0175413657879988,0.0313952357379332,0.0271770403923696,0.0215727424777439,0.0181796233060524,0.0425360477450683,0.147672586186136,0.080238951864995,0.0462557779403066,0.0742766408193049,0.114203345339481,0.0861461397082817,0,0.0545564069854103,0.0545582773444526
"t__d__Bacteria;p__Bacteroidota;c__Bacteroidia;o__Bacteroidales;f__Tannerellaceae;g__Parabacteroides",0.0123911279458311,0.0131820092291939,0.148296527729658,0.05471012072888,0.0457427706609725,0.0758575829510613,0.0577233110310778,0.126260980368349,0.0586582318936422,0.0819851852911245,0.197535294614796,0.0300290392178944,0.103821483016057,0.0481101769373154,0.149976479472047,0.0802853547391933
"t__d__Bacteria;p__Bacteroidota;c__Bacteroidia;o__Bacteroidales;f__Tannerellaceae;g__Parabacteroides;s__Parabacteroides acidifaciens",0,0.00609019381317377,0.125099570086974,0,0.101210158967294,0.0917209438944212,0.0202698994465398,0.251606763229278,0.0221730895730557,0.0121149991817911,0.111049011849972,0.114521674836118,0.0463503175546089,0.0515087107478484,0.0129544923940569,0.0644446550383421
"t__d__Bacteria;p__Bacteroidota;c__Bacteroidia;o__Bacteroidales;f__Tannerellaceae;g__Parabacteroides;s__Parabacteroides bouchesdurhonensis",0.0502916932261696,0.0233953989155218,0,0.0508478197010778,0.0469528030864151,0.0523784978388973,0.038727635627517,0.300844015868913,0.0978430090132002,0.082698350024618,0.0335986298565502,0.0422637171891849,0.128582489259902,0.0670084007094511,0.068156459878313,0.072239261346382
"t__d__Bacteria;p__Bacteroidota;c__Bacteroidia;o__Bacteroidales;f__Tannerellaceae;g__Parabacteroides;s__Parabacteroides distasonis",0.0624815788104161,0.0198594663062611,0.185748045438362,0.0805440596996598,0.0421768497159923,0.151081569391832,0.0197789396648816,0.132577260166493,0.0669522540364449,0.0330117889995819,0.0466796592404771,0.0620425687964684,0.0251853578606538,0.102096432695629,0.166074784720689,0.0797527077029229
"t__d__Bacteria;p__Bacteroidota;c__Bacteroidia;o__Bacteroidales;f__Tannerellaceae;g__Parabacteroides;s__Parabacteroides distasonis_A",0.0347885442542106,0.0330147365613689,0.199352203925994,0.145170611553707,0.0677963667801129,0.143136399188001,0.0109751744692741,0.236087112896495,0.134697174350977,0.0164868132441001,0.104032917087045,0.0934109793650326,0.0493172339106831,0.0648149758860929,0.121200655374903,0.0969521265898664
"t__d__Bacteria;p__Bacteroidota;c__Bacteroidia;o__Bacteroidales;f__Tannerellaceae;g__Parabacteroides;s__Parabacteroides distasonis_B",0.0490072744061608,0.0394341997252986,0.194822787523761,0.0646433617424765,0.0463457972435374,0.221911774816244,0.00644335096043489,0.142931061665756,0.107102510701622,0.0874810720793818,0.132937368046485,0.0926965856753155,0.151250606014177,0.193780592055338,0.110853539134078,0.109442792119338
"t__d__Bacteria;p__Bacteroidota;c__Bacteroidia;o__Bacteroidales;f__Tannerellaceae;g__Parabacteroides;s__Parabacteroides faecis",0.0561093954325375,0.0284714235827618,0.0930217298125906,0.010628056457309,0.031592005645567,0.0321200267873977,0.0333276904946894,0.130783000667056,0.0318329476310223,0.0293238707349278,0.0406219307477668,0.078288529493163,0.0521796288543937,0.0519610382167157,0.0954034797182668,0.0530443169517444
"t__d__Bacteria;p__Bacteroidota;c__Bacteroidia;o__Bacteroidales;f__Tannerellaceae;g__Parabacteroides;s__Parabacteroides goldsteinii",0.0511564409082002,0.0435814508155795,0.0636232607431335,0.0371359322193165,0.0499906107659357,0.0845062659983303,0.0304143293714709,0.133730349778875,0.0906184346905941,0.0423516748391274,0.019683426670656,0.071381454537557,0.00904223927681252,0.115313913977812,0.0924253784403654,0.0623303442022511
"t__d__Bacteria;p__Bacteroidota;c__Bacteroidia;o__Bacteroidales;f__Tannerellaceae;g__Parabacteroides;s__Parabacteroides intestinigallinarum",0.0445534725876882,0.0423728015528981,0.168349064743988,0.0931851276922467,0.0527181950005148,0.0794969193023324,0.0515849493226453,0.193449421252146,0.0511495789285386,0.107016221743721,0.0715504445186287,0.107043308996209,0.0804370537098638,0.156985265150124,0.0893214208617206,0.092614216357551
"t__d__Bacteria;p__Bacteroidota;c__Bacteroidia;o__Bacteroidales;f__Tannerellaceae;g__Parabacteroides;s__Parabacteroides johnsonii",0.0457796238667657,0.0706124685168,0.0731287146965912,0.1034693661679,0.0192602020958741,0.0667807590508174,0.041616192762297,0.198037858549351,0.0168943486773792,0.0439449357789224,0.0442858848825737,0.0512571103705304,0.109960334995905,0.0746959046073886,0.0568520184068006,0.0677717148950598
"t__d__Bacteria;p__Bacteroidota;c__Bacteroidia;o__Bacteroidales;f__Tannerellaceae;g__Parabacteroides;s__Parabacteroides merdae",0.042177973945881,0.0465097630818914,0.129373789796403,0.0521174079479079,0.0429366297256601,0.111234015906161,0.0993232787898067,0.222230799553233,0.115407769794528,0.0100509622841526,0.0765223903471712,0.106102320193178,0.0305412843116699,0.0735987190107756,0.0682196859087708,0.0817564527064794
"t__d__Bacteria;p__Bacteroidota;c__Bacteroidia;o__Bacteroidales;f__Tannerellaceae;g__Parabacteroides;s__Parabacteroides sp011038785",0.00748876419033237,0.0357944894800435,0.193334053177186,0.0520569171576401,0.0482529103379412,0.0801807645059379,0.0602293511869826,0.337739118205183,0.108509533247985,0.0283751656321316,0.152608174208719,0.155043703742064,0.146763429026913,0.115039043925542,0.093068679587281,0.107632273174125
"t__d__Bacteria;p__Bacteroidota;c__Bacteroidia;o__Bacteroidales;f__Tannerellaceae;g__Parabacteroides;s__Parabacteroides sp014287585",0.0420787466108,0.0473594200451499,0.160551820680018,0.0298374363140471,0.0820208039038294,0.16193368418155,0.0405539104777701,0.191355572501154,0.00509327162096357,0.0770216773827242,0.14512010408452,0.0682746712517651,0.0930605042081418,0.0844574839758595,0.102450098990622,0.0887446137485943
"t__d__Bacteria;p__Bacteroidota;c__Bacteroidia;o__Bacteroidales;f__Tannerellaceae;g__Parabacteroides;s__Parabacteroides sp017481945",0.0039148443533566,0.0480398812216498,0.0560054999527191,0.12410024560081,0.0335927211519347,0.0178504794228759,0.0677897483260824,0.121029157326604,0.0355494091642152,0.0473767146505639,0.0513975592375007,0.063802888286137,0.0449323729057149,0.0119990281935014,0.0719988091211608,0.0532919572609884
"t__d__Bacteria;p__Bacteroidota;c__Bacteroidia;o__Bacteroidales;f__Tannerellaceae;g__Parabacteroides;s__Parabacteroides sp900547435",0.0777995447885851,0.0602593572954645,0.0751132434040132,0.0363217330752456,0.0739402773817912,0.142743799381608,0.00759169160041243,0.170553260929716,0.0466996478159627,0.163274976519572,0.135403092355038,0.131822668114725,0.0856879625515111,0.129341813143758,0.11281938540824,0.0966248302510429
"t__d__Bacteria;p__Bacteroidota;c__Bacteroidia;o__Bacteroidales;f__Tannerellaceae;g__Parabacteroides;s__Parabacteroides sp900552465",0.133020400846177,0.0215911406048088,0.0596804494741381,0.122372979680679,0.055900861929889,0.126478390094231,0.0905652844182549,0.278695413835747,0.0647451247927929,0.110850469059286,0.148492389005422,0.148376749473207,0.0342186702044082,0.117778684797566,0.0470614733903563,0.103988565440464
"t__d__Bacteria;p__Bacteroidota;c__Bacteroidia;o__Bacteroidales;f__Tannerellaceae;g__Tannerella;s__Tannerella forsythia",0.13238615785566,0.0867429444489453,0.20591921606399,0.167855834605846,0.0730738272830582,0.269390721892331,0.0373755570129004,0.293733369501505,0.136905146956357,0.0734055053707599,0.18871791179278,0.21958267669024,0.129991253095547,0.149416091810377,0.327492591459333,0.166132587055975
"t__d__Bacteria;p__Bacteroidota;c__Bacteroidia;o__Bacteroidales;f__Tannerellaceae;g__UBA12018",0.0207705181893123,0.00483336568786412,0.0551881352325569,0.00603979191485131,0.00381336356929817,0.00689710782970791,0.00418817812428268,0.10355587346583,0,0.0425426191416392,0.0139013063363952,0.00701635170567843,0.0613008013795793,0.0673116871188322,0.00785120751154966,0.0270140204804918
"t__d__Bacteria;p__Bacteroidota;c__Bacteroidia;o__Bacteroidales;f__UBA11471;g__UBA11471;s__UBA11471 sp000434215",0.00594902818402228,0.111305590169542,0.137181281282665,0.0100920302875261,0.0562257746706734,0.154978931320677,0.116660521328583,0.11828660838841,0.159035509792963,0.0101706165970592,0.0135568105627418,0.150456304516806,0.0510698245497323,0.0944084341279484,0.152614334210937,0.089466106666019
"t__d__Bacteria;p__Bacteroidota;c__Bacteroidia;o__Bacteroidales;f__UBA11471;g__UBA11471;s__UBA11471 sp900547555",0.0519232453136137,0.0234346692429302,0.165737069979771,0.127807526911885,0.0572134358980097,0.124370194623866,0.00653642158541895,0.0947896904544176,0.0878398843190202,0.121497412677508,0.215446802701371,0.0406842531261712,0.102594451833694,0.20709436175336,0.0860502851066929,0.100867980368515
"t__d__Bacteria;p__Bacteroidota;c__Bacteroidia;o__Bacteroidales;f__UBA1402;g__UBA1757",0.116191817222769,0.178846334848616,0.42467153988765,0.298780321018543,0.118445501279194,0.435926578932591,0.242744591195361,0.391841125559601,0.205697267739375,0.129282589164457,0.475500066086818,0.151001450101865,0.570866941870012,0.323245268587209,0.267276567820822,0.288687864087659
"t__d__Bacteria;p__Bacteroidota;c__Bacteroidia;o__Bacteroidales;f__UBA1402;g__UBA1757;s__UBA1757 sp017380635",0.0782149395352055,0.00620245987212151,0.046488047866836,0.0175475488988176,0.0639063799656314,0.0594804524510197,0.00513678257123559,0.28172184714858,0.0418298476903372,0.120268021105781,0.0364616401937035,0.0538324777801602,0.0764710634868574,0.0124989877015639,0.0864702679123541,0.0657687176120136
"t__d__Bacteria;p__Bacteroidota;c__Bacteroidia;o__Bacteroidales;f__UBA932;g__Cryptobacteroides;s__Cryptobacteroides intestinipullorum",0.0295813858032506,0.013659608016343,0.0188087080217142,0.0558536227872147,0.0248347010946766,0.0222255363726971,0.0299544594642947,0.181285919619745,0.0719578575365571,0.0747343168442938,0.0785680656682079,0.0691507255550853,0.172011374553102,0.0519946624325432,0.0658515373033765,0.0640314987382068
"t__d__Bacteria;p__Bacteroidota;c__Bacteroidia;o__Bacteroidales;f__UBA932;g__Cryptobacteroides;s__Cryptobacteroides sp000432515",0.0230758226767808,0.0258862024487022,0.121241585435337,0.102623770029785,0,0.0330957093009345,0.0445066607060566,0.182522524379225,0.0382667340224091,0.0830623684385323,0.0404812724026372,0.0137284228526922,0.0712742516870113,0.0593701915824288,0.078840645095071,0.0611984107371735
"t__d__Bacteria;p__Bacteroidota;c__Bacteroidia;o__Bacteroidales;f__UBA932;g__Cryptobacteroides;s__Cryptobacteroides sp000434935",0.00745684638734591,0.0255985666578084,0.151020083219954,0.109320386396706,0.0393827647793985,0.0281078722179068,0.037380351797017,0.100206202446388,0.00954988428930669,0.0197729219355207,0.180112509655039,0.0458014107410623,0.0811622908269298,0.0548894185890849,0.0191526526990733,0.0605942775092361
"t__d__Bacteria;p__Bacteroidota;c__Bacteroidia;o__Bacteroidales;f__UBA932;g__Cryptobacteroides;s__Cryptobacteroides sp000435075",0.0519169044378189,0.0296534170317121,0.203925744928916,0.0467437193557876,0.0457404735103238,0.147952564397283,0.178786707636953,0.341331004397533,0.153573336391536,0.00936425057529749,0.298053644196988,0.098193074942909,0.180240804788333,0.121281665722439,0.118627506693848,0.135025654600512
"t__d__Bacteria;p__Bacteroidota;c__Bacteroidia;o__Bacteroidales;f__UBA932;g__Cryptobacteroides;s__Cryptobacteroides sp002320605",0.0238587785183165,0.0172893992086111,0.15066424746657,0.0322636759139335,0.0198347470765488,0.0698263509942786,0.037722029666899,0.203695149344555,0.0577838121397608,0.041433552575747,0.0702102896675051,0,0.00589177581837558,0.0633475427105725,0.158555049630011,0.063491760048779
"t__d__Bacteria;p__Bacteroidota;c__Bacteroidia;o__Bacteroidales;f__UBA932;g__Cryptobacteroides;s__Cryptobacteroides sp009774765",0.075656767282788,0.0181081625949824,0.139598792745573,0.0937319411352839,0.0450388303368671,0.0863984502784062,0.0656886575290435,0.282154515243043,0.0663384381629574,0.118239924074044,0.0535406079084528,0.0806499254649735,0.0211569626262305,0.00912199876192419,0.0787501014757295,0.0822782717080199
"t__d__Bacteria;p__Bacteroidota;c__Bacteroidia;o__Bacteroidales;f__UBA932;g__Cryptobacteroides;s__Cryptobacteroides sp900545245",0.0388716536298958,0.0608365822588647,0.70474250775048,0.209588151187032,0.0961033987326581,0.0816842324276773,0.0352947656767681,0.112227392046889,0.011366451725548,0.215834612224045,0.102693662416166,0.14597622238736,0.0551349581011446,0.0701869214303431,0.0125619320184795,0.130206896267557
"t__d__Bacteria;p__Bacteroidota;c__Bacteroidia;o__Bacteroidales;f__UBA932;g__Cryptobacteroides;s__Cryptobacteroides sp900760425",0.111144398254988,0.0640178750776018,0.145706835799186,0.116797830857385,0.108662265847489,0.260908535380582,0.0922842021409251,0.0810504358995729,0.0325293338480217,0.0514791733396644,0.123184977281632,0.0313381081102914,0.0306016640894741,0.161264607494508,0.0908507515957052,0.100121399667802
"t__d__Bacteria;p__Bacteroidota;c__Bacteroidia;o__Bacteroidales;f__UBA932;g__Cryptobacteroides;s__Cryptobacteroides sp900771005",0.0781675065061133,0.0679661059388339,0.11447756266114,0.0778283883788552,0.0284600356156663,0.0694740273919911,0.0415842132839191,0.177499012222758,0.0107650530162052,0.0331652401512332,0.128038521883833,0.152860297246395,0.00957413570486032,0.00499959508062558,0.129641440520853,0.0749667423735521
"t__d__Bacteria;p__Bacteroidota;c__Bacteroidia;o__Bacteroidales;f__UBA932;g__Egerieousia",0.0403241556300939,0.102756598291072,0.0991161699555986,0.0593038960967828,0,0.169406324334417,0.11103690211336,0.351166928325878,0.180966738584608,0.0890443383429524,0.177990032985473,0.122998207650494,0.0966202235681995,0.0878212344881866,0.193916042321312,0.125497852845895
"t__d__Bacteria;p__Bacteroidota;c__Bacteroidia;o__Bacteroidales;f__UBA932;g__Egerieousia;s__Egerieousia sp900544815",0.0297911877823722,0.106240716898087,0.191015850748716,0.0286694018815344,0.0481003413322676,0.0516936173876045,0.0790470246730357,0.298409888252623,0.18015514352653,0.0660705732136734,0.0861012186322585,0.19062395614897,0.134827183743596,0.203316389627535,0.146816611910444,0.122725273717283
"t__d__Bacteria;p__Bacteroidota;c__Bacteroidia;o__Bacteroidales;f__VadinHA17;g__LD21",0.0377436018972525,0.057684913652077,0.102611475676772,0.0239888335328473,0.0428612883669455,0.0567709482244396,0.080024271342433,0.29673981821694,0.0679681956353536,0.0229362968471372,0.129711734436775,0.0697360285862456,0.0714369001216671,0.0169691225578127,0.0712584782868559,0.076562793825437
"t__d__Bacteria;p__Bacteroidota;c__Bacteroidia;o__Bacteroidales;f__W3P20-009;g__W3P20-009;s__W3P20-009 sp015061285",0.0376725644044841,0.0350452868591674,0,0.0374913806453146,0.0604350251228918,0.0811572764374981,0.0315575006059519,0.0756709551607398,0.0282323927269546,0.0364460185243043,0.0699128651047522,0.0560884591849835,0.108515124324697,0.0654464758580338,0.0394257535095957,0.0508731385646246
"t__d__Bacteria;p__Bacteroidota;c__Bacteroidia;o__Bacteroidales;f__WCHB1-69;g__F23-D06",0.179471241166381,0.0620526328064125,0.333640512725646,0.391097463290822,0.0479003671700186,0.310911472781046,0.106804059784693,0.176893652352919,0.0445965807584378,0.100123424980913,0.10594794320558,0.169274680624439,0.244305008468638,0.189680527432545,0.358898425015413,0.188106532837593
"t__d__Bacteria;p__Bacteroidota;c__Bacteroidia;o__Chitinophagales;f__Chitinophagaceae;g__Chitinophaga",0.0544089926477904,0.0341501623101003,0.0436890450297972,0.0958071160402774,0.0804875407595794,0.0862813095510443,0.104591459810197,0.126601882657359,0.057415116318526,0.146186909660209,0.050305572940132,0.023343876915509,0.0789585231924376,0.0158169008005246,0.112130076274094,0.0740116323271718
"t__d__Bacteria;p__Bacteroidota;c__Bacteroidia;o__Chitinophagales;f__Chitinophagaceae;g__Chitinophaga;s__Chitinophaga silvisoli",0.0361708098842879,0.014925478609362,0.0320443495313273,0.0207530707976037,0.0701970018854759,0.0440338937409693,0.0376579621496404,0.114677451672059,0.0410589820279443,0.0226960064949154,0.0760027433484645,0.036272570118354,0.0671814824351465,0.0382637369634369,0.154578393798437,0.0537675955638283
"t__d__Bacteria;p__Bacteroidota;c__Bacteroidia;o__Chitinophagales;f__Chitinophagaceae;g__JJ008",0.0668101940021918,0.0544418228573155,0.0757012818479813,0.0521133708970713,0.0904665719597714,0.141051889594789,0.0620511579120101,0.213177123368608,0.0667359451329552,0.103269021698685,0.0850348294903767,0.107728295055784,0.050109994440776,0.0847092098458776,0.117135973027483,0.0913691120754451
"t__d__Bacteria;p__Bacteroidota;c__Bacteroidia;o__Chitinophagales;f__Chitinophagaceae;g__Niastella",0.105482122220259,0.0698926365427929,0.424197934192337,0.159763951981496,0.0611576768349412,0.202448359186531,0.15544419056974,0.185655094051621,0.038073159918189,0.142782078929142,0.259300904433608,0.0365659594635782,0.086052755347803,0.0937952123586836,0.0726183784046383,0.139548694295691
"t__d__Bacteria;p__Bacteroidota;c__Bacteroidia;o__Cytophagales;f__Cyclobacteriaceae;g__ELB16-189",0.0205244539897539,0.0108945954001775,0.164274610868047,0.0410788624841472,0.0377996717717924,0.131053407601524,0.0819147251768284,0.178856535039899,0.0463988985325724,0.079927994109126,0.146302085268711,0.0225619103266374,0.0812345570209971,0.0492463298275259,0.0859078522215667,0.0785317659759537
"t__d__Bacteria;p__Bacteroidota;c__Bacteroidia;o__Cytophagales;f__Flammeovirgaceae;g__Flammeovirga",0.0172704892636123,0.0778433472502617,0.0579872737288795,0,0.00406758780725138,0.0784675009560597,0.0594380900226958,0.185766303223357,0.0494697804761068,0.0994550781849174,0.0450076279621824,0.103024313616812,0.0218077535499596,0.0179169966791857,0.0865826391461526,0.0602736521244955
"t__d__Bacteria;p__Bacteroidota;c__Bacteroidia;o__Cytophagales;f__Hymenobacteraceae;g__Pontibacter",0.125784677347836,0.10245075791341,0.133929596199273,0.166961023784987,0.0796898445829996,0.161954689561331,0.242310245902638,0.234148177416433,0.0533330645368449,0.15922109909372,0.266091578202094,0.201726994470832,0.0980750204697263,0.115532981287133,0.0310483870784931,0.14481720918985
"t__d__Bacteria;p__Bacteroidota;c__Bacteroidia;o__Cytophagales;f__Spirosomaceae;g__Dyadobacter",0.0318413489436648,0.0202579477713972,0.200825010709572,0.142930358621915,0.0615852954659907,0.127756681711969,0.0614614617753062,0.0336939800484312,0.0438367571928923,0.122884596390053,0.162576165864254,0.0362734249594231,0.214324471466146,0.107527881045272,0.0700664426313109,0.0958561216398399
"t__d__Bacteria;p__Bacteroidota;c__Bacteroidia;o__Flavobacteriales;f__Flavobacteriaceae;g__Arenibacter",0.024266237131731,0.0182066411897942,0.0480201923100057,0.138324227999884,0.0535513353213414,0.0272222425307559,0.106635568785967,0.212695266376073,0.0536862215957589,0.00478617251626316,0.0718502124377867,0.0454360542442015,0.0823529828462112,0.0961601461755152,0.0634810201379568,0.0697783014399497
"t__d__Bacteria;p__Bacteroidota;c__Bacteroidia;o__Flavobacteriales;f__Flavobacteriaceae;g__Cellulophaga",0.0592142012440237,0.0203811692557114,0.0983525507868407,0.0271107005198354,0.0519686269361814,0.0677363770040455,0.0433113294477802,0.314943818376183,0.0697024149508588,0.0964952245564959,0.102807089053358,0.176518841740147,0.0249055433039271,0.0335446527884575,0.079956614452088,0.0844632769610622
"t__d__Bacteria;p__Bacteroidota;c__Bacteroidia;o__Flavobacteriales;f__Flavobacteriaceae;g__Confluentibacter",0.0445627189688059,0.013092393405887,0.401275628005442,0.0666289755266129,0.0596002111452432,0.092902549585683,0.0469192415384743,0.248060082841469,0.0538753436926038,0.0309669904525979,0.116906006000972,0.0756498484513029,0.0679789716831068,0.00681762965539852,0.00856495364896326,0.0889201029735042
"t__d__Bacteria;p__Bacteroidota;c__Bacteroidia;o__Flavobacteriales;f__Flavobacteriaceae;g__Confluentibacter;s__Confluentibacter sp003258355",0.0793065315143594,0.0283476454665909,0.283782225671902,0.0394184813358159,0.0508849671288681,0.0775636421400105,0.0198286203654564,0.124673965554251,0.0556806326423783,0.103959368912228,0.0396284995557101,0.0709298555024774,0.0919401060221725,0.0373705493284165,0.170208000959132,0.0849015394733179
"t__d__Bacteria;p__Bacteroidota;c__Bacteroidia;o__Flavobacteriales;f__UBA1820;g__Merdimorpha;s__Merdimorpha sp002314265",0.0346281982903197,0.0254089260938684,0.0569634084269774,0.0745910092192462,0.0195938343708569,0,0.0232761172119225,0.0768021143952362,0.0236426571296141,0.0360244949215165,0.0435042800529476,0.1123260518574,0.00897831147826392,0.0204081595441178,0.0723956350943104,0.0419028798724398
"t__d__Bacteria;p__Bacteroidota;c__Bacteroidia;o__Flavobacteriales;f__UBA1820;g__Merdimorpha;s__Merdimorpha sp003150615",0.0420991689732592,0.0150693197121478,0.277010433453572,0.0522790299270664,0.0420232883367737,0.0779232899271935,0.0742796272182538,0.318347995284316,0.31016916028017,0.0167382062197616,0.141535508273708,0.0737106839355608,0.0599571246603071,0.127348940157379,0.137414644788192,0.117727094743177
"t__d__Bacteria;p__Bacteroidota;c__Bacteroidia;o__Flavobacteriales;f__UBA1820;g__Merdimorpha;s__Merdimorpha stercoravium",0.00420951005737268,0.0394957309058027,0.0796261694370427,0.104878611564315,0.0657429787201782,0.0710485153439694,0.0160463520125489,0.22370857524461,0.0223228224624474,0.00415180956930464,0.0173771623399659,0.108671353488972,0.0332467340997337,0.128614208515723,0.0379901640683373,0.0638087131886882
"t__d__Bacteria;p__Bacteroidota;c__Bacteroidia;o__Flavobacteriales;f__Weeksellaceae;g__Kaistella",0.031734771095505,0.0112251503024252,0.141595281317488,0.100744652767635,0.108088512785903,0.16597201914785,0.0443687005810591,0.21133876596366,0.151455070780551,0.063222005040391,0.0627243921160618,0.0560978827552853,0.0564846698476969,0.0720180443220462,0.0698658476349451,0.0897957177639001
"t__d__Bacteria;p__Bacteroidota;c__Bacteroidia;o__Sphingobacteriales;f__Sphingobacteriaceae;g__Pedobacter",0.137685172456479,0.13168300811791,0.400023550443171,0.0992837221131242,0.15737374436262,0.218758832613077,0.0295750571728267,0.264740217598057,0.219832815797278,0.198289644380044,0.0704638992476913,0.0429164070441547,0.248289372472506,0.0833746006857557,0.350716017252673,0.176867070783824
"t__d__Bacteria;p__Campylobacterota;c__Campylobacteria;o__Campylobacterales;f__Arcobacteraceae;g__Aliarcobacter",0.040655782576283,0.0222063551599313,0.180418507253563,0.0454092274920378,0.0266740747085123,0.0243042470488081,0.0533095045707088,0.178330866693828,0.0589365738147253,0.0405724273059933,0.117412961755435,0.0519190070664284,0.116576595173882,0.148880354027952,0.0835938762758699,0.0792800240615972
"t__d__Bacteria;p__Campylobacterota;c__Campylobacteria;o__Campylobacterales;f__Campylobacteraceae;g__Campylobacter_A;s__Campylobacter_A concisus_A",0.0110877944648444,0.00903659230338839,0.0261692782587049,0,0.019972654591487,0.033615323076809,0.0289320012657328,0.142835073688648,0.0127331790524089,0,0.0226477750924684,0.0405957935804796,0,0.0338824885494114,0.0415550648498467,0.0282042012516153
"t__d__Bacteria;p__Campylobacterota;c__Campylobacteria;o__Campylobacterales;f__Campylobacteraceae;g__Campylobacter_A;s__Campylobacter_A concisus_AB",0.00679660478013299,0.0245274189492448,0.0372259631577908,0.0247343859370101,0,0.0632240778563401,0.00225517283615221,0.132534082344884,0.0135820576559029,0.0971212923750566,0.00564174649795873,0.0730864617932532,0.00478706785243016,0.026702442276507,0.0752352624250317,0.0391636024491797
"t__d__Bacteria;p__Campylobacterota;c__Campylobacteria;o__Campylobacterales;f__Campylobacteraceae;g__Campylobacter_A;s__Campylobacter_A concisus_C",0.0129850408179366,0.00219542515275588,0.0379112280609004,0.0201997485152249,0.00462225887187657,0,0.0155929093242524,0.195873748564999,0.010222639847618,0.0262390919542738,0.0429847352225427,0.0538602561636265,0.0444342894356084,0.00903767700126754,0.00662445633787003,0.0321855670180502
"t__d__Bacteria;p__Campylobacterota;c__Campylobacteria;o__Campylobacterales;f__Campylobacteraceae;g__Campylobacter_A;s__Campylobacter_A concisus_F",0.0160438065737106,0.00292723353700784,0.0182447785043083,0.0110107123168212,0.00702024447942691,0,0.00407871044129894,0.0893769942960231,0.0156436199786738,0.0247333368211777,0.0205502469808561,0,0.00601692791909271,0.0324300757832266,0.0444419667298509,0.0195012436240983
"t__d__Bacteria;p__Campylobacterota;c__Campylobacteria;o__Campylobacterales;f__Campylobacteraceae;g__Campylobacter_A;s__Campylobacter_A concisus_J",0.0198812785511273,0.00395176527496059,0.00829308113832196,0,0.0036829921652196,0,0.00426584545235795,0.0554027908547335,0.0202990794234563,0.0118457769777513,0.0377946413160822,0.0455099731929907,0.0114866285041419,0.0132387782129599,0.0618590746733666,0.0198341137158313
"t__d__Bacteria;p__Campylobacterota;c__Campylobacteria;o__Campylobacterales;f__Campylobacteraceae;g__Campylobacter_A;s__Campylobacter_A concisus_R",0.0097871108833915,0.00820789630973506,0.075963985580191,0.0201532638239884,0.016920743784828,0.0393483485072629,0,0.0951183696541199,0.0573433340576638,0.0641855037527928,0.0772170869823594,0.0319766992082719,0.0385829485883901,0.0581252730375368,0.100618165579922,0.0462365819833636
"t__d__Bacteria;p__Campylobacterota;c__Campylobacteria;o__Campylobacterales;f__Campylobacteraceae;g__Campylobacter_A;s__Campylobacter_A concisus_T",0,0.0117855587906177,0.00853002631370259,0.00585814403771292,0.00423707063255352,0,0.0177291062501264,0.0506742294634354,0.0540135790190251,0.0271171068449844,0.0256015617596764,0.0254783583980253,0.0767405137875614,0.0532950357767486,0.00662445633787003,0.024512316494136
"t__d__Bacteria;p__Campylobacterota;c__Campylobacteria;o__Campylobacterales;f__Sulfurimonadaceae;g__Sulfurimonas",0.049816173281038,0.052281394221318,0.08861124641692,0.043975836088552,0.03491697376162,0.0772554878093103,0.0669918046763572,0.427689640436428,0.101598980531553,0.0465542534072391,0.131967619474927,0.0767331208176599,0.108169861646545,0.218473573798606,0.0756573549405798,0.106712888087243
"t__d__Bacteria;p__Cyanobacteria;c__Cyanobacteriia;o__PCC-6307;f__Cyanobiaceae;g__Prochlorococcus_A",0.0343185034413551,0.0346497661564499,0.0856694124413181,0.0972363063306707,0.0205067256406977,0.115519362141441,0.0781410475596383,0.0255713241438986,0.0842509791587599,0.112637308852009,0.146054951530788,0.0685011512479724,0.113839963095366,0.112725016290257,0.154065350601518,0.085579144575476
"t__d__Bacteria;p__Cyanobacteria;c__Vampirovibrionia;o__Gastranaerophilales;f__Gastranaerophilaceae;g__Avigastranaerophilus",0.0313054105771746,0.00400342233737837,0.0435457083062618,0.0763384419261105,0.0245286333284835,0.047690265296246,0.0192826537040953,0.206587791717225,0.00565919068995952,0.0192387945141039,0.0818931170422467,0.0911809290119426,0.0859051491667786,0.129029979906281,0.107363219330076,0.0649035137902909
"t__d__Bacteria;p__Cyanobacteria;c__Vampirovibrionia;o__Gastranaerophilales;f__Gastranaerophilaceae;g__Avigastranaerophilus;s__Avigastranaerophilus faecigallinarum",0,0.0243772871080637,0.0516327345042823,0.0434362050275558,0.0623726095584065,0.0417097729062478,0.0267237981084037,0.105193592893367,0.0166735406814521,0.0242556385734908,0.0275114480587798,0.134571505624877,0.0441174231029142,0.069231947281392,0.0616035964152769,0.0488940733229673
"t__d__Bacteria;p__Cyanobacteria;c__Vampirovibrionia;o__Gastranaerophilales;f__Gastranaerophilaceae;g__Limenecus",0.0398158518461078,0.0400815938383012,0.248052989862179,0.039856221557026,0.116483518341195,0.332306987049089,0.0511959597984295,0.31751521769522,0.337655478447494,0.0990740389207707,0.173659424017375,0.0366351185555164,0.101307418808505,0.104276128853961,0.136947051357996,0.144990866596611
"t__d__Bacteria;p__Cyanobacteria;c__Vampirovibrionia;o__Gastranaerophilales;f__Gastranaerophilaceae;g__Limenecus;s__Limenecus avicola",0.0207315864664856,0.0130841699227605,0.0744420535358674,0.036651698427647,0.112477039013267,0.445645619967708,0.129342701451566,0.250608210135585,0.210491550103533,0.074329341561003,0.0691240310547182,0.0990129091877702,0.184674279533544,0.0803449493894691,0.146248911652633,0.129813936760237
"t__d__Bacteria;p__Cyanobacteria;c__Vampirovibrionia;o__Gastranaerophilales;f__Gastranaerophilaceae;g__Scatousia;s__Scatousia sp000431315",0.00427483004102157,0,0,0.0168726821240345,0.0491967608144808,0.0148644565295429,0.00441829780144107,0.064358773299024,0.00736705359460803,0.0304626839044089,0.0529910121497286,0.0498099863841473,0.00478706785243016,0.0137356899537851,0.019709957377192,0.022189950121723
"t__d__Bacteria;p__Cyanobacteria;c__Vampirovibrionia;o__Gastranaerophilales;f__Gastranaerophilaceae;g__Stercorousia;s__Stercorousia faecigallinarum",0.0173877183712826,0,0.00975266341866663,0,0.0150961789776589,0,0.0181302800801885,0.106998222037743,0.0199890699727499,0.0189203382283528,0.0182553493710357,0.0334959043028581,0.0366455915687475,0.0304212305424043,0.0246770309168556,0.0233179718525696
"t__d__Bacteria;p__Cyanobacteria;c__Vampirovibrionia;o__Gastranaerophilales;f__Gastranaerophilaceae;g__Stercorousia;s__Stercorousia sp000437435",0.00762795759671737,0,0.0163708331523507,0.00598412562992179,0.00490915769840683,0.0207179350407011,0.00415700061963542,0.0917391752247143,0.0271885148973339,0.0150239704385092,0.0138764168914439,0.0576357836214049,0.0121699628973208,0.0135587152221886,0.0569723245635398,0.0231954582329459
"t__d__Bacteria;p__Cyanobacteria;c__Vampirovibrionia;o__Gastranaerophilales;f__Gastranaerophilaceae;g__UMGS1585",0.0338074527260892,0.04933365532636,0.0991980747826955,0.0624069893540846,0.0218073223170554,0.171356087206072,0.0913015403852911,0.395772350288258,0.0971919219443372,0.0330048671238246,0.181838977690481,0.0615026076167745,0.071886187003338,0.0480013531567869,0.121686409552096,0.102673053098236
"t__d__Bacteria;p__Cyanobacteria;c__Vampirovibrionia;o__Gastranaerophilales;f__Gastranaerophilaceae;g__Zag111;s__Zag111 sp905211505",0.0292394377703685,0.0171243161914959,0.166922109021266,0.195690912721269,0.063023101954046,0.0512874998628986,0.0822789313367464,0.261350127423269,0.224856879561715,0.114965498130055,0.0634531709753154,0.0353665305100963,0.0479216156412959,0.0821970852607105,0.18728287952441,0.108197339725664
"t__d__Bacteria;p__Cyanobacteria;c__Vampirovibrionia;o__Gastranaerophilales;f__Gastranaerophilaceae;g__Zag111;s__Zag111 sp905215335",0.0721789780623846,0.00918700986999384,0.131516725718179,0.0133717671448188,0,0.124253133694303,0.00360827653784354,0.179058521049787,0.0614628690571426,0.0647780241018378,0.108461944136405,0.0573254222246286,0.00531896428047796,0.0268045598563001,0.074470536633418,0.0621197821578346
"t__d__Bacteria;p__Cyanobacteria;c__Vampirovibrionia;o__Gastranaerophilales;f__Gastranaerophilaceae;g__Zag111;s__Zag111 sp910584405",0.0469004534073699,0.041204330342925,0.0341299779704512,0.0524563792135551,0.0540947640116207,0.0345778435659902,0.0130298874977683,0.178535869809158,0.035973135850957,0.152912119390319,0.168713554859,0.0682245269015924,0.0276141413129964,0.124676274392737,0.137608306478687,0.0780434376670085
"t__d__Bacteria;p__Deinococcota;c__Deinococci;o__Deinococcales;f__Thermaceae;g__Thermus",0.0400549156755464,0.0867422765948683,0.123579863405003,0.127786218623165,0.0991091036265686,0.104878732153255,0.0709584609711916,0.181729856604486,0.0921450513839205,0.151075222692925,0.181122037474815,0.0917350031454135,0.0148729976841209,0.111573748429788,0.130458967904165,0.107188163757949
"t__d__Bacteria;p__Desulfobacterota_I;c__Desulfovibrionia;o__Desulfovibrionales;f__Desulfovibrionaceae;g__Bilophila",0.0403202111827821,0.014779202960143,0.0598258604216526,0.0445490066506349,0.0657226801754822,0.142681105785426,0.0472265839485159,0.204793569102122,0.0344336786466287,0.0508835104835641,0.113689999226016,0.10439174112507,0.0927190787901601,0.020957878275643,0.041903413094279,0.0719251679912079
"t__d__Bacteria;p__Desulfobacterota_I;c__Desulfovibrionia;o__Desulfovibrionales;f__Desulfovibrionaceae;g__Bilophila;s__Bilophila faecipullorum",0.077921665905238,0.134993356118243,0.224402921007411,0.0104434073956265,0.0640679416095073,0.154434031407663,0.00847398277826891,0.150015677111869,0.015158546490963,0.0450342138700579,0.139069694274915,0.0652085339281033,0.0984247068244071,0.0453155355907375,0.0354020159000571,0.0845577486808712
"t__d__Bacteria;p__Desulfobacterota_I;c__Desulfovibrionia;o__Desulfovibrionales;f__Desulfovibrionaceae;g__Bilophila;s__Bilophila sp900550745",0.0428557702074567,0.0849792144388518,0.0667406097428931,0.12197159713706,0.0389132379924372,0.104567369286266,0.0459489591868185,0.184729569427938,0.0607562984485644,0.122859761635951,0.109048180338155,0.0740382354496258,0.141197202523414,0.0575087113004912,0.130643506605686,0.0924505482481072
"t__d__Bacteria;p__Desulfobacterota_I;c__Desulfovibrionia;o__Desulfovibrionales;f__Desulfovibrionaceae;g__Bilophila;s__Bilophila sp900553145",0.109560536981315,0.00938391792723087,0.0901141221890358,0.0645615118065133,0.0715027626369122,0.101392623224924,0.068635148089178,0.288323461767482,0.115613245094603,0.0455723318368923,0.061006970459864,0.0895253694888028,0.0409104774451964,0.0317900175820963,0.0882319755020004,0.0850749648021364
"t__d__Bacteria;p__Desulfobacterota_I;c__Desulfovibrionia;o__Desulfovibrionales;f__Desulfovibrionaceae;g__Bilophila;s__Bilophila sp902373525",0.134750800548347,0.0650222265843784,0.0800277949818311,0.113835981447326,0.0111000245194636,0.0555483883180621,0.0521425029873378,0.199931462560362,0.0812889893510342,0.0930235164923926,0.0694951258918196,0.105130712425553,0.0495427774838511,0.115873691589704,0.103268190401896,0.0886654790388906
"t__d__Bacteria;p__Desulfobacterota_I;c__Desulfovibrionia;o__Desulfovibrionales;f__Desulfovibrionaceae;g__Bilophila;s__Bilophila wadsworthia",0.101906059636486,0.06203880181717,0.115229118860382,0.0790087992640292,0.0526904837243592,0.190647917873608,0.00815673045483293,0.243881322614819,0.0873843932646685,0.127995544962427,0.172705358378166,0.122683401894355,0.0726048087338726,0.0733464015348941,0.112668093821747,0.108196482455721
"t__d__Bacteria;p__Desulfobacterota_I;c__Desulfovibrionia;o__Desulfovibrionales;f__Desulfovibrionaceae;g__Desulfovibrio",0.0259344042995904,0.0336169402343588,0.0649384173261663,0.0292670099777666,0.0803814671100903,0.166404883787303,0.118910092547661,0.243130339332475,0.0736910549568925,0.0302426275871378,0.118131484840683,0.0884175596854232,0.109984054559201,0.0520622177947516,0.107101684340121,0.089480949225308
"t__d__Bacteria;p__Desulfobacterota_I;c__Desulfovibrionia;o__Desulfovibrionales;f__Desulfovibrionaceae;g__Desulfovibrio;s__Desulfovibrio desulfuricans_A",0.00289988470619007,0.0258622663511589,0.113300727736325,0.0766889700289968,0.0277295320353544,0.0906592628358541,0.0322707247503901,0.265063393199947,0.0118378671816977,0.00644379875069487,0.0598695728064843,0.198860692304801,0.0242801288616087,0.157570367539511,0.0743509145167085,0.0778458735737149
"t__d__Bacteria;p__Desulfobacterota_I;c__Desulfovibrionia;o__Desulfovibrionales;f__Desulfovibrionaceae;g__Desulfovibrio;s__Desulfovibrio fairfieldensis",0.00755768401721786,0.0264025095504349,0.0141772196602742,0.0440541415515021,0.0322673026837421,0.0211244068411658,0.0100647528428275,0.224845019232995,0.057664144388884,0.0387967167189804,0.0375255962321164,0.0827090013227892,0.0563349556720049,0.0486831412165435,0.0247386641684235,0.0484630170733267
"t__d__Bacteria;p__Desulfobacterota_I;c__Desulfovibrionia;o__Desulfovibrionales;f__Desulfovibrionaceae;g__Desulfovibrio;s__Desulfovibrio intestinigallinarum",0.0256437022604832,0.0203671856073518,0.0617154752898079,0.0152254312195852,0.00726354965580603,0.00679099847848164,0.0396674525647903,0.333773824425889,0.0106350984130915,0.0583074709740164,0.0719414680217541,0.0988811687898428,0.0260725958184883,0.0301314882091274,0.036802535210389,0.0562146296625937
"t__d__Bacteria;p__Desulfobacterota_I;c__Desulfovibrionia;o__Desulfovibrionales;f__Desulfovibrionaceae;g__Desulfovibrio;s__Desulfovibrio piger_A",0.00412593890182191,0.0158780754235397,0.0304404860606641,0.0316736866869039,0.0314739041027898,0.024170615601144,0.0227838785064201,0.0672201239664903,0.0229717677055439,0.0189823530722845,0.0264356121618638,0.0373357235517634,0.0236569288686063,0.0157903877963091,0.0270173905544503,0.0266637915307063
"t__d__Bacteria;p__Desulfobacterota_I;c__Desulfovibrionia;o__Desulfovibrionales;f__Desulfovibrionaceae;g__Desulfovibrio;s__Desulfovibrio porci",0.0116577967424562,0.0586017525751452,0.0418850858583067,0.0322883445505588,0.00647275493014378,0.196989087626196,0.017841886630635,0.167491322029095,0.0266231774034395,0.0526153179565083,0.00658203758095185,0.0616276904155932,0,0.0409981099164568,0.0146541003837731,0.0490885643066173
"t__d__Bacteria;p__Desulfobacterota_I;c__Desulfovibrionia;o__Desulfovibrionales;f__Desulfovibrionaceae;g__Desulfovibrio;s__Desulfovibrio sp003860215",0.0180229959174055,0.0761562617493755,0.0532583434259611,0.0616018536005561,0.00469337054682852,0.050689783104142,0.0136816149654563,0.247654761029347,0.0620793382772426,0.0467069772762465,0.0925195755117278,0.0514005146637796,0.0328989159406714,0.0635687877486514,0.155886503698143,0.0687213064970356
"t__d__Bacteria;p__Desulfobacterota_I;c__Desulfovibrionia;o__Desulfovibrionales;f__Desulfovibrionaceae;g__Desulfovibrio;s__Desulfovibrio sp900319575",0.0163133944331692,0.00906371793159223,0.0370854780781779,0.0137565548239179,0,0,0.0257068911904622,0.0177528616505798,0.0428499000047599,0.0065265988858134,0,0.00772706727168418,0.0286022929113249,0,0,0.0136923171454321
"t__d__Bacteria;p__Desulfobacterota_I;c__Desulfovibrionia;o__Desulfovibrionales;f__Desulfovibrionaceae;g__Desulfovibrio;s__Desulfovibrio sp900546145",0.0244409134339597,0.0116091811837855,0.016830076427771,0.0249726443965502,0.0760541733950016,0.039496035516975,0.0516886414802352,0.132668131245032,0.0427372001171337,0.0325687169860285,0.010113352981526,0.0393359247547881,0.0062645579303407,0.0469287714276558,0.0245426396671322,0.038683397396261
"t__d__Bacteria;p__Desulfobacterota_I;c__Desulfovibrionia;o__Desulfovibrionales;f__Desulfovibrionaceae;g__Desulfovibrio;s__Desulfovibrio sp900556755",0.0394024088139611,0.0108672442612392,0.0514357355221166,0.00836971645343271,0.0100851593297922,0.077850308853351,0.0748187007496192,0.169374738027529,0.0416139131985641,0.0287644590630602,0.0531227655266088,0.0182665085773867,0.0776936971276442,0.0180951409253622,0.0245274742356008,0.0469525313776845
"t__d__Bacteria;p__Desulfobacterota_I;c__Desulfovibrionia;o__Desulfovibrionales;f__Desulfovibrionaceae;g__Desulfovibrio;s__Desulfovibrio sp905214305",0.0477948329188826,0.00801330180755897,0.0320481513323153,0.0479285249104412,0.0128248060897477,0.0175405254067925,0.0200791790346348,0.348535110560012,0.0202857019217299,0.0570531386392735,0.113566703710352,0.0701748281396431,0.00319137856828677,0.11776680823413,0.0885814731010216,0.0670256309583214
"t__d__Bacteria;p__Desulfobacterota_I;c__Desulfovibrionia;o__Desulfovibrionales;f__Desulfovibrionaceae;g__Mailhella",0.033442748220783,0.028853831286586,0.0899475777756587,0.0306010950241819,0.0315644136653531,0.080880263809777,0.0761933765623829,0.173269091726771,0.00424439301746964,0.0537079824613387,0.0171966495207621,0.0850368938669314,0.0512070825618333,0.00662402797703092,0.0295524357739424,0.0528214575500535
"t__d__Bacteria;p__Desulfobacterota_I;c__Desulfovibrionia;o__Desulfovibrionales;f__Desulfovibrionaceae;g__Mailhella;s__Mailhella massiliensis",0.0214848454635033,0.0158277321669285,0.0398304839814834,0.0473921945237369,0.0856989306479867,0.0888840752734191,0.0545556969321779,0.223126281557139,0.0287464991371679,0.0622708497715199,0.133942160819731,0.0724575445510467,0.110290429039999,0.0520901420990502,0.169478026677809,0.0804050595095132
"t__d__Bacteria;p__Desulfobacterota_I;c__Desulfovibrionia;o__Desulfovibrionales;f__Desulfovibrionaceae;g__Mailhella;s__Mailhella merdigallinarum",0,0.0183648561428684,0.106041038136067,0.054342561740951,0.0300324915701584,0.0596949611643688,0.0584493309052044,0.177674200989989,0,0.0416409958515859,0.0648992806655355,0.0248498410366135,0.00425517142438236,0.0483550922243628,0.113690402617477,0.0534860149646376
"t__d__Bacteria;p__Desulfobacterota_I;c__Desulfovibrionia;o__Desulfovibrionales;f__Desulfovibrionaceae;g__Mailhella;s__Mailhella sp910579055",0.0111321063541915,0.0414968456984328,0.135011434725761,0.0600803038707995,0.0828944993420363,0.0965611380588747,0.090039059117959,0.0448417449014365,0.0147176189456645,0.109387522330699,0.0795524286320975,0.0565563532292771,0.170296957179168,0.0923675687246558,0.0830001927913158,0.0778623849268246
"t__d__Bacteria;p__Firmicutes_A;c__Clostridia;o__Christensenellales;f__Borkfalkiaceae;g__Coproplasma",0.0378678301126156,0.0312347784854559,0.0260509755241869,0.0305601966701789,0.0483046086675284,0.0650504572491365,0.0323137522762241,0.0616440168762529,0.0103341743034043,0.094032418112623,0.02694800266506,0.0243896818451244,0.0627218975841006,0.0737999805603913,0.126260583407011,0.0501008902892863
"t__d__Bacteria;p__Firmicutes_A;c__Clostridia;o__Christensenellales;f__Borkfalkiaceae;g__Coproplasma;s__Coproplasma stercoravium",0.00736633377946964,0.00718502777265561,0.00967526132804228,0.0255535803430435,0.00972684040864461,0.00630592715859009,0.0249023877571903,0.109756301348739,0.0182749257253694,0.0301636250600264,0.0794242064877494,0.0143412988729017,0.0644842831527863,0.101981111589088,0.00856495364896326,0.034513737628884
"t__d__Bacteria;p__Firmicutes_A;c__Clostridia;o__Christensenellales;f__Borkfalkiaceae;g__Gallimonas;s__Gallimonas intestinavium",0.0116599530894726,0.0124407425322833,0.0124845019112903,0.126768934632413,0.022176150290778,0.0264878134768,0.00202066363532746,0.31115895573009,0.011318381379919,0.0892504514159687,0.0630542774628274,0.0539651479087216,0.0448625105071336,0.0383020463010406,0.0699861099633445,0.0597291093491606
"t__d__Bacteria;p__Firmicutes_A;c__Clostridia;o__Christensenellales;f__Borkfalkiaceae;g__UBA10281;s__UBA10281 sp900767815",0.0159726053782065,0.0118595177963294,0.0382145178853876,0.0109916849343673,0.0222302456581931,0.0163487000407891,0.0797036674523217,0.280916861572447,0.0973765255036335,0.072092107381452,0.062960140115517,0.00760343419533724,0.051382208738932,0,0,0.0511768144435275
"t__d__Bacteria;p__Firmicutes_A;c__Clostridia;o__Christensenellales;f__Borkfalkiaceae;g__UBA1259",0.0580433392128645,0.0328595220032112,0.155332123116924,0.0249155719630272,0.0143734472996623,0.0451755779915501,0.0193235693695676,0.252502467690865,0.288963637504579,0.0249813381430763,0.0556585957354671,0.0594063890620244,0.0278278986776569,0.0879355172033163,0.111021485024664,0.083888031999897
"t__d__Bacteria;p__Firmicutes_A;c__Clostridia;o__Christensenellales;f__Borkfalkiaceae;g__UBA4675;s__UBA4675 sp905212395",0.0293391528847775,0.00701229248195718,0.12094574451747,0.037779923692834,0.0415146225503922,0.0504201393987812,0.0318415792944185,0.236482507515651,0.101467512953038,0.128613491766503,0.0636503243680471,0.0783001869886127,0.102573853340722,0.0650273574803258,0.0512363524460161,0.076413669445303
"t__d__Bacteria;p__Firmicutes_A;c__Clostridia;o__Christensenellales;f__Borkfalkiaceae;g__UMGS775",0.0762945517434679,0.0294283023661702,0.0655303346563518,0.059729608902535,0.0205951241861327,0.0542801443942385,0.0389112156820217,0.176811969766921,0.0376188349856158,0.0918055518565067,0.0728864979039252,0.0722057425202311,0.0737791120304087,0.0955397955366039,0.0817234501294479,0.0698093491107052
"t__d__Bacteria;p__Firmicutes_A;c__Clostridia;o__Christensenellales;f__Borkfalkiaceae;g__UMGS775;s__UMGS775 sp003343995",0.0113280935306138,0.0313017407318963,0.0735649448091316,0.0576267681647313,0.0476860174896957,0.108030842842378,0.0420382108224486,0.178524879540386,0.0688302452920511,0.105644057697316,0.0640489973146985,0.0925650830757669,0.0491718671728768,0.0584252582048683,0.0972281186286306,0.0724010083544993
"t__d__Bacteria;p__Firmicutes_A;c__Clostridia;o__Christensenellales;f__CAG-138;g__Aphodomorpha;s__Aphodomorpha sp900540495",0.00395314471740062,0.00625125928236009,0.0382948535829452,0,0.0227541041308882,0.0221558945344444,0,0.27063790578367,0.00753499884931543,0.0198810242983239,0.032382142666034,0,0,0.0639577634070137,0.0279251355482111,0.0343818817867071
"t__d__Bacteria;p__Firmicutes_A;c__Clostridia;o__Christensenellales;f__CAG-138;g__Aphodomorpha;s__Aphodomorpha sp900549955",0.00407419046949692,0.00300839273751699,0,0.0283050987466603,0,0.0163519438304798,0.0527267322430872,0.203831485867251,0.022934215343664,0,0.010531260129523,0,0,0.0439874431427195,0.0899657403127854,0.0317144335215456
"t__d__Bacteria;p__Firmicutes_A;c__Clostridia;o__Christensenellales;f__CAG-138;g__Pelethousia",0.00567548863925772,0.0225785001630265,0.0772331290795537,0.0209064452562823,0.00872144783672139,0.0843735934833433,0.0585775496415344,0.0599555210699096,0.0109141534734934,0.0581055266768596,0.0301937914427791,0,0.0543054682825461,0.100018107747456,0.0367388078766914,0.0418865020446303
"t__d__Bacteria;p__Firmicutes_A;c__Clostridia;o__Christensenellales;f__CAG-138;g__Pelethousia;s__Pelethousia gallinarum",0.0825574182116729,0.0312531410185717,0.0342393960464185,0.0479327409733894,0.0522482046360478,0.00790545692761842,0.0339787376970602,0.113835519725001,0,0.134670025309932,0.0900583394860685,0.0411923097736782,0.0421619420122441,0.0776152610791115,0.0372642978710879,0.0551275193845269
"t__d__Bacteria;p__Firmicutes_A;c__Clostridia;o__Christensenellales;f__CAG-138;g__UBA1685",0.0566857794565541,0.0112797506457561,0.0545522072809161,0.0579433908459256,0.0247404460666679,0.13644726946877,0.0469985168254064,0.262677168634557,0.0420398745244809,0.026119276988423,0.0507553850161924,0.14275617124941,0.0894564753482943,0.0796092401979973,0.0922571646516014,0.0782878744800635
"t__d__Bacteria;p__Firmicutes_A;c__Clostridia;o__Christensenellales;f__CAG-138;g__UBA1685;s__UBA1685 sp002320595",0.00699079348813679,0.00685462383446393,0.018226551952356,0.0717697214402485,0.0188635450491002,0.0296647324590665,0.0321074130889064,0.179426523199313,0.0411345651601374,0.065444842360543,0.0761477190491621,0.021535520463976,0.0301587080803026,0.0214998927012915,0.0476136704547731,0.0444959215187851
"t__d__Bacteria;p__Firmicutes_A;c__Clostridia;o__Christensenellales;f__CAG-138;g__UMGS693",0.00289988470619007,0.00601355585320089,0.0402565296333698,0.0222754429096815,0.0079091985140999,0,0.024057129449551,0.0214220853294211,0.0114272119701106,0.0172644080050921,0.0620321088448383,0,0.00595723999413531,0.0300983203331328,0.0070660867603947,0.0172452801535479
"t__d__Bacteria;p__Firmicutes_A;c__Clostridia;o__Christensenellales;f__CAG-138;g__UMGS693;s__UMGS693 sp900544555",0.0158587444869769,0,0.0937204332718174,0,0.00940113050374684,0.0219592766456963,0.0308746397189827,0.111040349864999,0.0109141534734934,0.00666645457622369,0.0339772855960462,0.0274577688107403,0.0111698249890037,0.0187984775031522,0.00809655774628559,0.0266623398124776
"t__d__Bacteria;p__Firmicutes_A;c__Clostridia;o__Christensenellales;f__CAG-138;g__UMGS946",0.0403667186071277,0.0137696583069826,0.075266393754555,0.0223133813485849,0.0404910022395518,0.0451969227776294,0.0238567361530946,0.265494435911391,0.0364339712918977,0.0749408158419208,0.101621235700174,0.0591019494466427,0.0288526446915186,0.13000166517649,0.0692458624418038,0.068463559579291
"t__d__Bacteria;p__Firmicutes_A;c__Clostridia;o__Christensenellales;f__CAG-138;g__UMGS946;s__UMGS946 sp900544965",0.00790877647142748,0.0290479816764275,0.0116103135936507,0.0271444655125473,0.0212159050952224,0.0193381766196763,0.0506122630341917,0.215928261240046,0.0259913706485509,0.0238737646787463,0.0955977312781316,0.0302040191248701,0.0469287264460822,0.0555308807584257,0.0453441153179284,0.047085116766395
"t__d__Bacteria;p__Firmicutes_A;c__Clostridia;o__Christensenellales;f__CAG-138;g__UMGS946;s__UMGS946 sp900547135",0.0387681739186195,0.0233847795494415,0.0686694350018426,0.0666646643701506,0.0357848772373716,0.0433369248368415,0.00816694734235121,0.148120538231166,0.134524679325916,0.0489881039755181,0.0553851351796064,0.0667020235861675,0.170290192306334,0.0455083336013928,0.0488268005984472,0.0668747739374111
"t__d__Bacteria;p__Firmicutes_A;c__Clostridia;o__Christensenellales;f__CAG-314;g__CAG-314;s__CAG-314 sp000437915",0,0.027132467737538,0.0893225429567279,0.00463769736318939,0.0324887201122813,0.0430159880601677,0.0113510366086328,0.0989789404219263,0.0955251198236434,0,0.015170029472289,0,0.0591145188306017,0.00624949385078198,0.0162340071983605,0.033281370829076
"t__d__Bacteria;p__Firmicutes_A;c__Clostridia;o__Christensenellales;f__CAG-314;g__UMGS929",0.0512098874725002,0.00954287057557048,0,0.0189630292183744,0.00750566797766623,0.00133514383666444,0.0327887189272855,0.351882785937604,0.00578780866018588,0,0.0232342893410558,0.0193480245149206,0.0328798990085951,0.0386511977507395,0.075807896547182,0.044595814651223
"t__d__Bacteria;p__Firmicutes_A;c__Clostridia;o__Christensenellales;f__CAG-314;g__UMGS929;s__UMGS929 sp900546875",0.0331466348607575,0.0246635172324708,0.0193002615582766,0.066844696267809,0.0419809358118811,0.00490461001223674,0.0127819974677627,0.105442514064652,0.0118232331616228,0.0230350548911061,0.0279559403801251,0.0554409979182709,0.0237539356963408,0,0.0521864521026821,0.033550718761733
"t__d__Bacteria;p__Firmicutes_A;c__Clostridia;o__Christensenellales;f__CAG-552;g__HGM11386",0.00676639764777684,0.0261940813915449,0.0347141851872864,0,0.00254224237953211,0.0958972535955299,0.0113683222471274,0.206350131102344,0.0699077748381645,0.0344006149606414,0.0461628230489517,0.00528016263565085,0,0.0837264998129532,0,0.0415540325898336
"t__d__Bacteria;p__Firmicutes_A;c__Clostridia;o__Christensenellales;f__CAG-552;g__HGM11386;s__HGM11386 sp900761915",0.00384692600102739,0.0102756463366288,0.0228889039417686,0.00961892786439281,0.00435812979348362,0.0338418090844335,0.00338275925422832,0.0888324548971482,0.0162058642485205,0.049549125815399,0.042227686108616,0.0160151991706322,0.027331704154714,0.0564184460104999,0.0141689760559998,0.0265975039158328
"t__d__Bacteria;p__Firmicutes_A;c__Clostridia;o__Christensenellales;f__CAG-552;g__Protoclostridium;s__Protoclostridium sp019113265",0,0,0.00932971628061221,0,0,0.00724196322119331,0.0112584899678477,0,0,0.00152891622047296,0.013385320122608,0,0.00619502898549784,0,0.00780162453728246,0.0037827372890343
"t__d__Bacteria;p__Firmicutes_A;c__Clostridia;o__Christensenellales;f__CAG-552;g__UBA10677;s__UBA10677 sp900543755",0.0308015218210977,0.017673996704763,0.0349893191030624,0.07466851007578,0.0348485795211012,0.0745850659211868,0.0578719877097916,0.127336937771607,0.154534494892412,0.0725334740852606,0.0143723811862398,0.0293308279546968,0.0226755845641429,0.0268069195303081,0.0824248158395929,0.0570302944454028
"t__d__Bacteria;p__Firmicutes_A;c__Clostridia;o__Christensenellales;f__CAG-74;g__Alectryocaccomicrobium",0.00756041369828126,0.00696625288855232,0.0370749509713217,0.0133977923825471,0.00456476525782983,0.0267757735343366,0.0215738681429677,0.210954946138933,0.00919727317708614,0,0.114263850251196,0.0609418636207267,0,0.0441128008413302,0.0326806512668255,0.0393376801447956
"t__d__Bacteria;p__Firmicutes_A;c__Clostridia;o__Christensenellales;f__CAG-74;g__Alectryocaccomicrobium;s__Alectryocaccomicrobium excrementavium",0.0355703599847992,0,0.00663446491065757,0.0264060442251546,0.0411041534059929,0.0310507357877918,0.069413177238312,0.13072263975259,0,0.00646133289695527,0.0121790083130538,0.0159724919728438,0.0497755097736127,0.0442983603085299,0.0391173934952585,0.0339137114710368
"t__d__Bacteria;p__Firmicutes_A;c__Clostridia;o__Christensenellales;f__CAG-74;g__Alectryocaccomicrobium;s__Alectryocaccomicrobium faecavium",0.00844209856900729,0.0181138331742213,0.0166499552084772,0.0162967299156129,0.00160865054524065,0,0.0161620719924242,0.0560859868439605,0.019588377063332,0.0587154168568849,0.00884117849463664,0.0202401955268435,0.0134170873975057,0.0258635470113378,0.0265466902989625,0.0204381212598965
"t__d__Bacteria;p__Firmicutes_A;c__Clostridia;o__Christensenellales;f__CAG-74;g__Aphodomonas",0.0274237207093581,0.0133485722073397,0.054789494214578,0.0268755044285948,0.0219122108703715,0.0635432461821473,0.0336105253867841,0.208728590779722,0.0248133745636687,0.114049027644707,0.0410951366362041,0.0430393932519301,0.0277345994624922,0.0901091111897464,0.0393497944342303,0.0553614867974583
"t__d__Bacteria;p__Firmicutes_A;c__Clostridia;o__Christensenellales;f__CAG-74;g__Aphodomonas;s__Aphodomonas merdavium",0.0147894120015694,0.0147878825704665,0.0496224862123336,0,0.00544215955272135,0.00661872116447252,0.0138449134883315,0.163408524974296,0,0.024382610823928,0.00626860721995414,0.0215208289815595,0.00595723999413531,0.0731666267495001,0,0.0266540009155512
"t__d__Bacteria;p__Firmicutes_A;c__Clostridia;o__Christensenellales;f__CAG-74;g__Aphodomonas;s__Aphodomonas sp004557805",0.0147006400207676,0.00914935249173044,0.0900365496664255,0.0129185015707155,0.0377727011431596,0.0444486818353107,0.0679376755508703,0.0851123904621844,0.0171663204229596,0.123000177698475,0.0623181341690196,0.0324478126202565,0.0602956803421465,0.0319682442113667,0.0772739625546165,0.051103121650667
"t__d__Bacteria;p__Firmicutes_A;c__Clostridia;o__Christensenellales;f__CAG-74;g__Avichristensenella",0.0302846629670575,0,0.0558630382973877,0.00463769736318939,0.0267655969633963,0.0290769873267472,0.00721655307568707,0.160077648994065,0.0215261798158743,0,0.00702084008634864,0.00693021345929175,0.0127655142731471,0.0732542876470428,0,0.029027948017949
"t__d__Bacteria;p__Firmicutes_A;c__Clostridia;o__Christensenellales;f__CAG-74;g__Avichristensenella;s__Avichristensenella intestinipullorum",0.00738325908747078,0.00379494919262089,0.0359639032503107,0.0207938587656727,0.0401946679078167,0.0376335524226981,0.0301614451671098,0.128706282991947,0.0380032738710806,0.0323814776999889,0.0249518036558907,0.0221814045266358,0.0172334442687486,0.0119990281935014,0.010599130140592,0.0307987654094723
"t__d__Bacteria;p__Firmicutes_A;c__Clostridia;o__Christensenellales;f__CAG-74;g__Egerieenecus;s__Egerieenecus merdigallinarum",0.0111887218247167,0.0344754389634032,0.0281667953693786,0,0.026318142900752,0.0186263712055627,0.0195665916862996,0.327049094004719,0.0135314861646309,0.0584735406788598,0.0440854587194265,0.0437509835300255,0.0290951052737461,0.0488623210139987,0.0302611813713812,0.0488967488471267
"t__d__Bacteria;p__Firmicutes_A;c__Clostridia;o__Christensenellales;f__CAG-74;g__Egerieenecus;s__Egerieenecus sp900553315",0.0773180625149099,0.0108643643799814,0.0664744226898606,0.0416217120876115,0.054242190512148,0.125100219451792,0.0420566080936414,0.160039179710379,0.0595453143955445,0.043706537544828,0.0212682941047444,0.0169673518840732,0.154609144001202,0.0752264313091776,0.0591811793269669,0.0672147341337907
"t__d__Bacteria;p__Firmicutes_A;c__Clostridia;o__Christensenellales;f__CAG-74;g__Excrementavichristensenella",0.00727759527226548,0.0233102624652023,0.0191451701707547,0,0.0241259217896547,0.0322140200904575,0.0230113540633665,0.0985537485903838,0.0463568642286086,0.0222591372526688,0.0861086040115638,0.033262320067856,0.0318631288801965,0.034213052379339,0.0531910051913758,0.0356594789635796
"t__d__Bacteria;p__Firmicutes_A;c__Clostridia;o__Christensenellales;f__CAG-74;g__Excrementavichristensenella;s__Excrementavichristensenella intestinipullorum",0.0115569982733868,0.00219542515275588,0,0.0277317177934061,0.0202581557638768,0.0281061875019874,0.0109888421834326,0.115063795811649,0.0123082676268558,0,0.0403587742841281,0.0636709453830785,0.0309619710221506,0.0163156428747201,0.00425857907434502,0.0255850201830515
"t__d__Bacteria;p__Firmicutes_A;c__Clostridia;o__Christensenellales;f__CAG-74;g__Faecaligallichristensenella",0.0337531763647299,0.00811928784941614,0.0786541964526643,0.00412239765616835,0.0651658035010611,0.0207179350407011,0.00443121680086048,0.148147985087457,0.0376295745814877,0.0494789908892137,0.00501488577596331,0.00746629331964205,0.0414873834628313,0,0.0334925374981334,0.0358454442853553
"t__d__Bacteria;p__Firmicutes_A;c__Clostridia;o__Christensenellales;f__CAG-74;g__Faecaligallichristensenella;s__Faecaligallichristensenella faecipullorum",0.012088099513428,0.0392631418928925,0.0164353789832199,0.0171114709543267,0.00952448533631345,0,0.0268744026534936,0.1023638784203,0.0310853602180611,0.0102793932451561,0.111728342644709,0.038242195032775,0.0125243120426741,0.0123739978245483,0.0141321735207894,0.0302684421521791
"t__d__Bacteria;p__Firmicutes_A;c__Clostridia;o__Christensenellales;f__CAG-74;g__Faecivicinus",0,0.0288541500120395,0.019116924163972,0.0697893115319543,0.013302612216013,0.0212533100530259,0.0510087756141257,0.171030725511349,0.0310448869534497,0.052358876530097,0.09727031070904,0.0673106795369213,0.0561442214256608,0.0675054781567478,0.0872772091954593,0.0555511647739904
"t__d__Bacteria;p__Firmicutes_A;c__Clostridia;o__Christensenellales;f__CAG-74;g__Faecivicinus;s__Faecivicinus avistercoris",0.0281524976355946,0.0151740753383359,0.0221651441333332,0.0164279191171842,0.0148721179202629,0.0134343665552571,0.0542298700493841,0.0977672304324326,0.0832397592141964,0.00538444408079605,0.0553226709574914,0.0685367044232988,0.049298476802133,0.0457639218952036,0.041974570639956,0.040782917946324
"t__d__Bacteria;p__Firmicutes_A;c__Clostridia;o__Christensenellales;f__CAG-74;g__Fimadaptatus",0.051712175993219,0.0329981354152067,0.115212694518586,0.0615669258640916,0.0183147378092126,0.0183319634655234,0.0073919554073878,0.213018202691574,0.0526693746689028,0.00638156335501754,0.0909837183450644,0.0719132377738076,0.0988379060170895,0.0266645070966697,0.114510475430698,0.0653671715901367
"t__d__Bacteria;p__Firmicutes_A;c__Clostridia;o__Christensenellales;f__CAG-74;g__Fimadaptatus;s__Fimadaptatus sp900553645",0.116947408984758,0.0135900185894442,0.144968339239066,0.0862401374205168,0.0291080894755091,0.0255083229273516,0.0357981109592325,0.279111550619711,0.029963195412869,0.0244627803905096,0.0441194032668683,0.0222426851026792,0.0468468304592452,0.0555631096953458,0.0282730064616283,0.0655161992669823
"t__d__Bacteria;p__Firmicutes_A;c__Clostridia;o__Christensenellales;f__CAG-74;g__Limiplasma",0.0486831223481721,0.00310563750558248,0.0712398616409314,0.0250675597608844,0.0422149309206961,0.0399583055546723,0.0461438413335755,0.140433606254179,0.082109515998594,0.0352088977328439,0.130415455288506,0.0860895993727076,0.108370291768125,0.118808090358497,0.0942054445902906,0.0714702773618839
"t__d__Bacteria;p__Firmicutes_A;c__Clostridia;o__Christensenellales;f__CAG-74;g__Limiplasma;s__Limiplasma merdipullorum",0.0591509818997242,0.022179389460638,0.0817156754303318,0.0311668212667756,0.0225507776844176,0.0334900095476572,0.011025352825733,0.272729518864144,0.0340398140759709,0.0374012833269142,0.0236576062034752,0.0679038058083463,0.0268851962325624,0.151265105494184,0.0362837947140902,0.0607630088556643
"t__d__Bacteria;p__Firmicutes_A;c__Clostridia;o__Christensenellales;f__CAG-74;g__Limiplasma;s__Limiplasma pullicola",0.00695972329485618,0,0,0.016021353390017,0.00481688029806085,0.0581743012457911,0.0286551437455292,0.416331790722322,0,0.0252381511665888,0.0827581583956495,0.0127345098859815,0.0323529001776019,0.0476284902760843,0.0565388187184625,0.0525473480877963
"t__d__Bacteria;p__Firmicutes_A;c__Clostridia;o__Christensenellales;f__CAG-74;g__Limiplasma;s__Limiplasma pullistercoris",0.0357888365717324,0.0226163762660624,0.0259374555783174,0.0254296054854507,0.0913358635382362,0.0174625675160956,0.0544806522049938,0.161850982515932,0.0446992960875857,0.0299603003869225,0.19250048346367,0.0327898099673918,0.0958918986451601,0.193642994963861,0.0905813658453736,0.0743312326024524
"t__d__Bacteria;p__Firmicutes_A;c__Clostridia;o__Christensenellales;f__CAG-74;g__Pullichristensenella",0.0429225425669335,0,0.0956176670536042,0.038558208714733,0.0188094613085695,0.0566157886633122,0.0327194258306752,0.320868442901754,0.0141479767248988,0.0197143437430711,0.0175521002158716,0.0415989054744381,0.0155411702112257,0.0433634565326022,0.0926968980790644,0.0567150925347169
"t__d__Bacteria;p__Firmicutes_A;c__Clostridia;o__Christensenellales;f__CAG-74;g__Pullichristensenella;s__Pullichristensenella avicola",0,0.0134572341236415,0.127654300635857,0,0.0191878770074209,0.0192343391018376,0.0254809748366121,0.0925869400214155,0.0220221475899517,0.00646133289695527,0.0735186821610421,0.0246029800249539,0.036227211425891,0.0616802159504961,0.059660769981832,0.0387850003838605
"t__d__Bacteria;p__Firmicutes_A;c__Clostridia;o__Christensenellales;f__CAG-74;g__Pullichristensenella;s__Pullichristensenella excrementigallinarum",0.00790337430170654,0,0.0162934652952914,0.0323352318875797,0.00381336356929817,0.0374425105812219,0.00407871044129894,0.0391016408219807,0.00933766463843321,0.0034658490635009,0.0106740450717552,0.0421771848246311,0.0093613771336412,0.0267478336813468,0.0463742896568353,0.0192737693979014
"t__d__Bacteria;p__Firmicutes_A;c__Clostridia;o__Christensenellales;f__CAG-74;g__Pullichristensenella;s__Pullichristensenella excrementipullorum",0.0213624840022669,0.00384199401732279,0.028731172936265,0,0.0464391804912313,0.0452695504129451,0.00798740725540409,0.0950079582101089,0.0165796602244908,0.0098410424369481,0.0407568995053518,0.0282915123408076,0.0301382647492415,0.0561662024911863,0.0255150763343236,0.0303952270271929
"t__d__Bacteria;p__Firmicutes_A;c__Clostridia;o__Christensenellales;f__CAG-74;g__Pullichristensenella;s__Pullichristensenella sp904420265",0.0191274702759988,0.00952657700213713,0.0379823116135146,0.0489403823193545,0.0137499776011253,0.117804587590456,0.0414817038956102,0.188869695640389,0.0314350357856345,0.0170934732723684,0.0257003469541097,0.0633143828190754,0.0661985747144263,0.0720562012248172,0.0905673372110322,0.0562565371946699
"t__d__Bacteria;p__Firmicutes_A;c__Clostridia;o__Christensenellales;f__CAG-74;g__Pullichristensenella;s__Pullichristensenella stercorigallinarum",0.0639099686038554,0,0.0632323825127475,0.0348342601946225,0.025266720061507,0.0424584124218837,0.0693676800640551,0.257386511259652,0.031560093794185,0.00673055510099507,0.0483148534801109,0.0134468575298798,0.0952916656250267,0.0265592524633934,0.0911603790510056,0.0579679728108613
"t__d__Bacteria;p__Firmicutes_A;c__Clostridia;o__Christensenellales;f__CAG-74;g__Pullichristensenella;s__Pullichristensenella stercoripullorum",0,0.0152549762452523,0.00497584868299318,0.0469925080872211,0.025456776401838,0.0068314210884726,0.0475766487096041,0.0823175054293938,0.0313425903432079,0.0512432204074407,0.0802229904340743,0.0321182193057677,0.0685290107072238,0.0436359261388143,0.064182907660781,0.040045369976139
"t__d__Bacteria;p__Firmicutes_A;c__Clostridia;o__Christensenellales;f__CAG-74;g__RUG11247",0.0422197812911637,0.0037536332526608,0.0587426580631139,0.0117857277996494,0.00886076365903051,0.0143969412729326,0.0219292778792205,0.0827443605442071,0.0361387279032719,0.0747457538627398,0.116951919133064,0.114803137646633,0.0199017051385864,0.0168146103996317,0.0734012087267904,0.0464793471048464
"t__d__Bacteria;p__Firmicutes_A;c__Clostridia;o__Christensenellales;f__CAG-74;g__RUG11247;s__RUG11247 sp902767315",0.0229511933376854,0.00301870958503934,0.0436850244668666,0.0421722010912484,0.00618458934230368,0.107605041918832,0.0351201051511591,0.107578548677352,0.011562312013107,0.0139311807169803,0.0877106589933088,0.0151149573629779,0.013643143379426,0.0715472262690013,0.0506719549716097,0.0421664564851265
"t__d__Bacteria;p__Firmicutes_A;c__Clostridia;o__Christensenellales;f__CAG-74;g__Ventricola;s__Ventricola gallistercoris",0.00401522497780164,0.0205205630571223,0.102490132999912,0.0177284578172334,0.0342226383824157,0.0114032182784504,0.00441829780144107,0.250801062872196,0.0445300457467687,0,0,0.0191643740706112,0.0521469493104736,0.0629698001484696,0.0783463096764479,0.0468504716759563
"t__d__Bacteria;p__Firmicutes_A;c__Clostridia;o__Christensenellales;f__CAG-917;g__CAG-917;s__CAG-917 sp000437555",0,0.00767543443015433,0.00951901487181304,0,0.00898889702502831,0.014935090638766,0.00443258109174745,0.0346466372224195,0,0.0135608221294123,0.00720889830294727,0.00655167238798589,0,0.0324169522301957,0,0.00932906668869799
"t__d__Bacteria;p__Firmicutes_A;c__Clostridia;o__Christensenellales;f__CAG-917;g__Limadaptatus;s__Limadaptatus sp900545885",0.00904979499640741,0.00439085030551176,0.0760487775253008,0.00561011777805169,0.0141397099966358,0.00692415531139305,0,0.0338443996022188,0.0416687707153824,0.0649319795419497,0.00756710442980179,0.0342103824966841,0.0203613953025512,0.00724079287538877,0,0.0217325487251518
"t__d__Bacteria;p__Firmicutes_A;c__Clostridia;o__Christensenellales;f__CAG-917;g__Limadaptatus;s__Limadaptatus sp900754695",0.00411402835337773,0.0207668250690168,0.0457218616701174,0,0,0.0068314210884726,0.00837110351680413,0.0494764624612265,0.00424439301746964,0.0068100893879316,0,0.00528016263565085,0.0141834268535764,0,0.00588840563366225,0.0114458786458204
"t__d__Bacteria;p__Firmicutes_A;c__Clostridia;o__Christensenellales;f__CAG-917;g__Limadaptatus;s__Limadaptatus stercorigallinarum",0.0194394621734426,0.00963018575486691,0.00908247602742428,0.0190441775886589,0.0124739230969957,0,0.019823257966351,0.0653522031351743,0.021475449670336,0,0.0279984390315936,0.0224117093643486,0.0203039372852063,0,0.0281861094842084,0.0183480887052404
"t__d__Bacteria;p__Firmicutes_A;c__Clostridia;o__Christensenellales;f__Christensenellaceae;g__Christensenella",0.0749491853781639,0.0222715754363811,0.170082484721483,0.118113342880899,0.0865318658115536,0.173204574924715,0.0921822405024195,0.20007859660444,0.096064612425237,0.0272042627129743,0.0463920736840219,0.217592367233474,0.134446260327079,0.126765576776499,0.127145711630332,0.114201648736645
"t__d__Bacteria;p__Firmicutes_A;c__Clostridia;o__Christensenellales;f__Christensenellaceae;g__Christensenella;s__Christensenella hongkongensis",0.0492882394053079,0.0475979951554309,0.0804882948078178,0.0443002678548629,0.00740973430296691,0.0553390986966268,0.0443781470426729,0.370762915206523,0.0249661260706161,0.102289393562315,0.116738694152113,0.129264351071978,0.0767861826046784,0.0730349313034984,0.064831103372543,0.0858316983073301
"t__d__Bacteria;p__Firmicutes_A;c__Clostridia;o__Christensenellales;f__Christensenellaceae;g__Christensenella;s__Christensenella massiliensis",0.0218177997578538,0.029943318062157,0.220272249252015,0.0532180936876884,0.00158429597565045,0.0610254946499768,0.0224169330066691,0.0873937607506183,0.0275881702690676,0.1388485862119,0.0800195309518853,0.113842682087919,0.0932320779495413,0.0977224834697308,0.342338900982674,0.092750958471023
"t__d__Bacteria;p__Firmicutes_A;c__Clostridia;o__Christensenellales;f__Christensenellaceae;g__Christensenella;s__Christensenella sp014287795",0.0182901099992265,0.019433807866307,0.103140018359992,0.0503344399847509,0.00619822903962115,0.0452379698323674,0.00666528860462764,0.154208042809009,0.0391848426791394,0.0110843404410731,0.0531424724728906,0.0385870179073442,0,0.00937424077617296,0.0555459665039994,0.0406951191517681
"t__d__Bacteria;p__Firmicutes_A;c__Clostridia;o__Christensenellales;f__MARSEILLE-P3954;g__MARSEILLE-P3954;s__MARSEILLE-P3954 sp900604345",0.0165928859657706,0,0.0234577109271122,0.0226316736809398,0.0151687128645416,0.0202150127523297,0,0.314043510064918,0.0625812293945845,0.0411288360215488,0.0776317123207574,0.025160173461231,0.110406999706482,0.00674945335884454,0.0101708824581439,0.0497292528651469
"t__d__Bacteria;p__Firmicutes_A;c__Clostridia;o__Christensenellales;f__QALW01;g__QALW01;s__QALW01 sp900552055",0.0126676828328293,0,0.0779217730442601,0.0538606928470906,0.0194019316147019,0.0219772564521956,0.0238938722704444,0.0647030880208381,0.0731315822662797,0.0351256940850482,0.00859257867710788,0.0592985606133058,0.0156377549846052,0.0366423943075397,0.00812964305028224,0.0340656336711019
"t__d__Bacteria;p__Firmicutes_A;c__Clostridia;o__Christensenellales;f__QALW01;g__UMGS1322;s__UMGS1322 sp905200615",0.00699079348813679,0,0.0308582985715004,0.0517145503687606,0.0148723872255997,0.035319177420493,0.102012166376706,0.190066409554656,0,0.0529470571198496,0.0407981233845227,0.0915317004295977,0.0794299909159376,0.0139988662257516,0.118249032627034,0.0552525702472364
"t__d__Bacteria;p__Firmicutes_A;c__Clostridia;o__Christensenellales;f__QAND01;g__Allochristensenella",0.0126809404167344,0,0.0437753913236474,0.00463769736318939,0.0219833756730744,0,0.0104535165773179,0.0956021052950485,0.032841831316553,0.0207301097110648,0.0246512675800556,0,0.0132214254971881,0,0.0438688136941964,0.0216297649632047
"t__d__Bacteria;p__Firmicutes_A;c__Clostridia;o__Christensenellales;f__QAND01;g__Allochristensenella;s__Allochristensenella caecavium",0.0335246109450719,0.0143505839253311,0.0823077940596351,0.00597036901927829,0.0481890010802178,0.00712223206615669,0.0197894399405209,0.142490353102928,0.00299604212997856,0.0490300362109315,0.0830511896850148,0.0484356677036661,0,0.05210280209938,0.0155869560891059,0.0403298052038144
"t__d__Bacteria;p__Firmicutes_A;c__Clostridia;o__Christensenellales;f__QAND01;g__RGIG3178",0.00395438823571374,0,0.045769790583234,0.047263194141849,0.0182496685102127,0.00663323480634548,0.0474281817564914,0.132510002705686,0.0082765663840658,0.0434370161687626,0.0837678950223765,0.0158869069191341,0.0711865663338254,0.0279193902156633,0.0369480508166366,0.0392820568399998
"t__d__Bacteria;p__Firmicutes_A;c__Clostridia;o__Christensenellales;f__QAND01;g__UMGS1975",0.0220391686129376,0.0291762134652355,0.0985904093678229,0.059316851956611,0.0539995876037178,0.062922046396554,0.103482803724207,0.211622023022609,0.0758239784525375,0.109500593156085,0.0488472019799034,0,0.072470323725569,0.119907205015936,0.11929524037721,0.0791329097904624
"t__d__Bacteria;p__Firmicutes_A;c__Clostridia;o__Christensenellales;f__QAND01;g__UMGS1975;s__UMGS1975 sp900546685",0.0611592010942197,0.00791214006032414,0.125952258804155,0.0134757836895557,0.0217622466258153,0.0534227816854637,0.0334807000144561,0.181618523808751,0.0219010679701434,0.0697259402371843,0.0309951330701566,0.213641356062336,0.056661004312414,0.0641654289204995,0.109842671875562,0.0710477492154024
"t__d__Bacteria;p__Firmicutes_A;c__Clostridia;o__Christensenellales;f__QAND01;g__UMGS1975;s__UMGS1975 sp900556815",0.0295279590899455,0.0142263549898581,0.024674797503984,0.0608416613413787,0.0402302176508169,0.0770502578918459,0.0215351553919749,0.153510577152049,0.0221660955837056,0.0219539792980782,0.160679337549282,0.0838920441852696,0.0277153418684965,0.00499959508062558,0.027616185698902,0.0513746373517475
"t__d__Bacteria;p__Firmicutes_A;c__Clostridia;o__Christensenellales;f__QAND01;g__UMGS1975;s__UMGS1975 sp900751745",0.0968968509482892,0.0313095713110332,0.086850122602599,0.03744364865646,0.0600393641334581,0.0557676012001588,0.109302922222533,0.167675352407252,0.0390505998675337,0.039594835878078,0.0866843468156658,0.10203081335406,0.00478706785243016,0.0571060042141489,0.122449263309084,0.0731325576515189
"t__d__Bacteria;p__Firmicutes_A;c__Clostridia;o__Christensenellales;f__UBA1242;g__Caccovivens",0.0732385702405745,0.0107875129316276,0.127429028279626,0.0150465249396488,0.0482479489379335,0.0143149660494303,0.0976552678056884,0.190937917430342,0.0221214038584484,0.0223344542739142,0.0640279722930347,0.0843611530664699,0.0247759587485304,0.0634009533741039,0.151732909184905,0.0673608360942852
"t__d__Bacteria;p__Firmicutes_A;c__Clostridia;o__Christensenellales;f__UBA1242;g__RGIG8050;s__RGIG8050 sp018384735",0.0115665855894627,0,0.0117952009714801,0,0,0.00716331199155629,0.00869155641011958,0.115277881246606,0,0.00700415490184853,0.00641377496610045,0,0,0.00374969631046918,0.0145579119394732,0.0124146716218078
"t__d__Bacteria;p__Firmicutes_A;c__Clostridia;o__Christensenellales;f__UBA1750;g__Spyradocola",0,0,0.0613830988393382,0.0208252160521905,0.0603853973466332,0.0811016015473612,0.0159974787679991,0.28293137879232,0.0224823397410795,0,0.00853339434458273,0.0432668501187057,0.0339591692198152,0.0210489687937835,0.0715577296255311,0.0482315082126227
"t__d__Bacteria;p__Firmicutes_A;c__Clostridia;o__Christensenellales;f__UBA1750;g__Spyradocola;s__Spyradocola merdavium",0.0340802639444685,0.0152425232034194,0.0679864038857257,0.0167644171350846,0.00961541958351377,0.0283976919708507,0.0433359783798768,0.011314817475863,0.0298103292163094,0.0694414316296549,0.0299084578189148,0.039398011537869,0.0196979497124891,0.00374969631046918,0.0198332207933806,0.0292384408398593
"t__d__Bacteria;p__Firmicutes_A;c__Clostridia;o__Christensenellales;f__UBA1750;g__Spyradocola;s__Spyradocola sp002492415",0.0461679496811677,0.0635005185938578,0.0583116667919478,0.0797430490385327,0.0357266751650707,0.125673175828243,0.106652168613847,0.16599516879376,0.0910941300561194,0.0299186899112358,0.107874425907274,0.139375389569568,0.0441704182772576,0.0977579388774644,0.206299485299397,0.0932173900269829
"t__d__Bacteria;p__Firmicutes_A;c__Clostridia;o__Christensenellales;f__UBA1750;g__Spyradocola;s__Spyradocola sp905193155",0.0286777096994366,0.0100205476615072,0.0858523642908123,0.00309179824212626,0.0317948856827031,0.0642463810163057,0.0383919461430623,0.2625379900382,0.00749458310530371,0.0411382923421667,0.0370129784236792,0.0555699039306322,0.0030637234255553,0.119352498168406,0.059781058108285,0.0565351106852121
"t__d__Bacteria;p__Firmicutes_A;c__Clostridia;o__Christensenellales;f__UMGS416;g__Parachristensenella",0.0408896964931643,0.00905240348619365,0.0153540473646647,0.0597404980504876,0.016169017092199,0.0237318590249992,0.0315852127819117,0.246745427037222,0.0200504357929335,0.00957234503252632,0.0424041486912431,0.106077125234243,0.0548845620432254,0.0548084731258975,0.0671251365421454,0.0532126925195371
"t__d__Bacteria;p__Firmicutes_A;c__Clostridia;o__Christensenellales;f__UMGS416;g__Parachristensenella;s__Parachristensenella avicola",0.00793084747553378,0.0118944998454667,0.0258744131515645,0.0148501815181663,0.0149504604915505,0.0162465206655342,0.0155433450860952,0.131896147475587,0.00565919068995952,0.0721928827241754,0.00752232866394497,0.0129603991965975,0.00425517142438236,0.072847157159377,0.00981697210925273,0.0282960345118125
"t__d__Bacteria;p__Firmicutes_A;c__Clostridia;o__Clostridiales;f__Clostridiaceae;g__Clostridium",0.0223488326934143,0.126264016071994,0.259408339407193,0.0285950655840862,0.0710766131279788,0.105843745099447,0.112821534844089,0.276449903868369,0.0816324385214611,0.10512877545207,0.0175685410230263,0.112015204458931,0.0997674230957024,0.150009269845321,0.0710481368298683,0.109331855994863
"t__d__Bacteria;p__Firmicutes_A;c__Clostridia;o__Clostridiales;f__Clostridiaceae;g__Clostridium_AD",0.0242586509075516,0.0282609183699612,0.0933446049198049,0.0442646937915149,0.049777078831332,0.0807697765565204,0.0775382551272327,0.228343952891358,0.0196303177057971,0.0965293052446161,0.158924247240309,0.0264731011190995,0.0950252713185937,0.0224684183682876,0.0613606348993957,0.0737979484860916
"t__d__Bacteria;p__Firmicutes_A;c__Clostridia;o__Clostridiales;f__Clostridiaceae;g__Clostridium_B",0.0368073907759646,0.0156428468394245,0.0973115983696442,0.0255497119268079,0.0291583315792825,0.0646026359797851,0.0482656355268651,0.18363583879782,0.0243206427647752,0.0534902126026778,0.0862332897735856,0.0563410115645011,0.117358457901852,0.075760949597945,0.0655812412588195,0.0653373196839834
"t__d__Bacteria;p__Firmicutes_A;c__Clostridia;o__Clostridiales;f__Clostridiaceae;g__Clostridium_H",0.0332787232412817,0.0271846719923691,0.0942172955321917,0.0292129732152246,0.0599609306715458,0.0150482352648173,0.0266144563951357,0.261912082918268,0.0860400326443186,0.114737525066603,0.00691396547145106,0.061578756405602,0.0773734615125725,0.0717128611529279,0.101736089427787,0.0711681373941397
"t__d__Bacteria;p__Firmicutes_A;c__Clostridia;o__Clostridiales;f__Clostridiaceae;g__Clostridium_J",0.0179271031870995,0.0295509854856205,0.121289790022695,0.0475912451645122,0.0340112995811696,0.0310822808477087,0.0352620052723658,0.304929915928099,0.116515269301102,0.102898728396324,0.0253206091216266,0.0578870838269908,0.0189985611609383,0.0489049947909624,0.0394952601642441,0.0687776754834306
"t__d__Bacteria;p__Firmicutes_A;c__Clostridia;o__Clostridiales;f__Clostridiaceae;g__Clostridium;s__Clostridium celatum",0.0669886415236901,0.0124790376939266,0.0760447542040505,0.0100998742576125,0.0297961586428321,0.0766665512189062,0.0497237565389718,0.153735540491003,0.0347772956226829,0.0557393614873462,0.0138446053227058,0.0209440564745214,0.0785725617008294,0.0137019535139477,0.0545915424570835,0.049847046076674
"t__d__Bacteria;p__Firmicutes_A;c__Clostridia;o__Clostridiales;f__Clostridiaceae;g__Clostridium;s__Clostridium disporicum",0.00799280722143639,0.012439397515056,0.125520461584346,0.0267465086025208,0.0457561989454473,0.0479983052222019,0.0229558604737557,0.329029049036783,0.0416659210659196,0.0512434437257375,0.0311590661052721,0.0495090207384332,0.0835699038614672,0.0562999656340003,0.0609018867671578,0.066185853099969
"t__d__Bacteria;p__Firmicutes_A;c__Clostridia;o__Clostridiales;f__Clostridiaceae;g__Clostridium;s__Clostridium neonatale",0.0707524044031424,0.0365143366776885,0.0757025475027446,0.0822222525405957,0.0193456444300524,0.0360045473728948,0.0576156625348756,0.0914108093537176,0.0320965878679594,0.0290741107134488,0.0750658027334278,0.0373344970021991,0.0870387694885604,0.00681762965539852,0.0695133872466512,0.0537672659682238
"t__d__Bacteria;p__Firmicutes_A;c__Clostridia;o__Clostridiales;f__Clostridiaceae;g__Clostridium;s__Clostridium paraputrificum",0.0702753162526434,0.0252769813037911,0.134804330501406,0.0789035559777313,0.0354935383880455,0.0993440218000865,0.0914860590488789,0.106857790543979,0.100110846240445,0.123037376474017,0.125256784731156,0.0127634490752332,0.0755451208075402,0.0454998114540289,0.0374670411623065,0.0774748015840859
"t__d__Bacteria;p__Firmicutes_A;c__Clostridia;o__Clostridiales;f__Clostridiaceae;g__Clostridium;s__Clostridium sp001916075",0.00966628235396691,0,0.118264067125227,0.0108949080913021,0.0685909173921955,0.0110640145771036,0.0447888708233168,0.171073078682327,0.0261830755214768,0.0356330180835409,0.0398618257289705,0.0966560609976819,0.0322138298217665,0.0326151325726431,0.0521986498351759,0.0499802487737796
"t__d__Bacteria;p__Firmicutes_A;c__Clostridia;o__Clostridiales;f__Clostridiaceae;g__Clostridium;s__Clostridium sp015670405",0.0459495678126053,0.0359361205045193,0.0701815605053252,0.0213229110247874,0.036398581046348,0.0161888193712726,0.0242230409365735,0.0879834200542054,0.0198779076264226,0,0.0646730057076422,0.0194063120245349,0.0685516692048691,0.0196880858701992,0.0398781996598438,0.0380172800899432
"t__d__Bacteria;p__Firmicutes_A;c__Clostridia;o__Clostridiales;f__Clostridiaceae;g__Clostridium;s__Clostridium sp018372555",0.0184788847728035,0.00533008824764794,0.0220168822996655,0.0268009033061579,0.0267469960457417,0.0208781283469616,0.00420965596081746,0.13352266490664,0.0494073749485949,0.0276263091921151,0.0178940242460509,0.0593325597272197,0.0349859641337377,0.0064459065146637,0.0453655712224448,0.0332694609247508
"t__d__Bacteria;p__Firmicutes_A;c__Clostridia;o__Clostridiales;f__Clostridiaceae;g__Clostridium;s__Clostridium sp018372875",0.0306546581509023,0.00857562060847709,0.0383815810216446,0.00605992455456747,0.0256753503595369,0.0588288446063659,0.00338275925422832,0.126871155158955,0.0613557758081373,0.0258844506432547,0.0556104129451908,0.0420597015638194,0.019991691294321,0.0583193081612205,0.100320336105049,0.0441314380157114
"t__d__Bacteria;p__Firmicutes_A;c__Clostridia;o__Clostridiales;f__Clostridiaceae;g__Clostridium;s__Clostridium sp900769625",0.189660358313299,0.20420457133459,0.178695404960208,0.252699008198722,0.0470526492550317,0.286676779981486,0.0997842250499424,0.0515419366329855,0.452564792163386,0.1661686376351,0.0905433796903522,0.255164661994814,0.0668989520388839,0.277153777242752,0.210918824490063,0.188648530598774
"t__d__Bacteria;p__Firmicutes_A;c__Clostridia;o__Eubacteriales;f__Eubacteriaceae;g__Eubacterium;s__Eubacterium callanderi",0.077099691534363,0.0583129811072608,0.123002711406739,0.0415851994255706,0.0277776686137278,0.104558224931927,0.14241283069312,0.246331726820953,0.0562131573410851,0.0937021309988951,0.113865354520218,0.0895222978223423,0.146427984235279,0.0961042195157914,0.23170072909695,0.109907793870948
"t__d__Bacteria;p__Firmicutes_A;c__Clostridia;o__Lachnospirales;f__Anaerotignaceae;g__Anaerotignum",0.0970592866956002,0.0209568912265287,0.145937072180114,0.129812027314055,0.102839123549376,0.248019193661752,0.0733460528528502,0.232156673906212,0.178527835988052,0.0770977387256951,0.03832247535125,0.105585164013811,0.0567585047554463,0.129207916965893,0.136131264235535,0.118117148094811
"t__d__Bacteria;p__Firmicutes_A;c__Clostridia;o__Lachnospirales;f__Anaerotignaceae;g__Anaerotignum;s__Anaerotignum faecicola",0.0320712516470019,0.0286983995533177,0.0454760242221803,0.0393351424084442,0.0108259432656706,0.0634214927224349,0.039878930751637,0.115302969413841,0.0394177894222803,0.139036535661198,0.079795384056793,0.0504109090990453,0.0654463423381776,0.0840189992546771,0.0465929857709204,0.0586486066391746
"t__d__Bacteria;p__Firmicutes_A;c__Clostridia;o__Lachnospirales;f__Anaerotignaceae;g__Anaerotignum;s__Anaerotignum lactatifermentans",0.0750485125864489,0.0738952466856668,0.145442486690773,0.021698802208377,0.127915025794844,0.163394923770511,0.0820927822922937,0.164286133737859,0.171135276030827,0.0351486920614176,0.236170522424114,0.279595489522035,0.27213741422628,0.317244973984897,0.135054229135444,0.153350700743452
"t__d__Bacteria;p__Firmicutes_A;c__Clostridia;o__Lachnospirales;f__Anaerotignaceae;g__Anaerotignum;s__Anaerotignum lactatifermentans_A",0.026361555690478,0.00968814508697197,0.0765236761444417,0.0489333538179685,0.0536510478209011,0.0979674815292835,0.0174775894801796,0.206802975718282,0.014984053521095,0.056181296077513,0.0553108239874705,0.0790177500461804,0.113779048589294,0.0448774333183726,0.126575253823158,0.0685420989767727
"t__d__Bacteria;p__Firmicutes_A;c__Clostridia;o__Lachnospirales;f__Anaerotignaceae;g__Anaerotignum;s__Anaerotignum merdipullorum",0.058477716224239,0.0214723885321303,0.0842244618204663,0.0392195079127627,0.0614052417291113,0.104641890971149,0.066345970618088,0.0675601987507598,0.0850650201500524,0.08330264093104,0.120460257134482,0.0699512398010067,0.0555289489980464,0.131838059657281,0.0995545402134277,0.0766032055629362
"t__d__Bacteria;p__Firmicutes_A;c__Clostridia;o__Lachnospirales;f__Anaerotignaceae;g__Anaerotignum;s__Anaerotignum sp004557645",0.0616508713027977,0.0359873644007473,0.197383323173633,0.0854444790240375,0.0589289841833804,0.138459879808149,0.0147974033018295,0.276658220885733,0.044163136568534,0.119650511632489,0.0408903508061585,0.128890791510275,0.0573547438430096,0.0780250293418265,0.114087448799881,0.0968248359054988
"t__d__Bacteria;p__Firmicutes_A;c__Clostridia;o__Lachnospirales;f__Anaerotignaceae;g__Anaerotignum;s__Anaerotignum sp905212195",0.197931894640021,0.221883123103202,0.168323775153747,0.123190058642101,0.359955776524152,0.312484917882315,0.0720737256372197,0.370125967883223,0.273763922834703,0.152247645616687,0.16494746716852,0.141834959840908,0.0820355070949889,0.186618459176557,0.13523705722979,0.197510283895209
"t__d__Bacteria;p__Firmicutes_A;c__Clostridia;o__Lachnospirales;f__Anaerotignaceae;g__Coprocola;s__Coprocola pullicola",0.0306758517856198,0.0196431577231871,0.0245238256518949,0.0442013975237896,0.0374771937488047,0.0457389916569735,0.00977241562332625,0.0887930418098025,0.0306968222273562,0.0809177896210179,0.0225506092318069,0.0719352994415493,0.00478706785243016,0.0635336534196783,0.125850085797532,0.0467398135409846
"t__d__Bacteria;p__Firmicutes_A;c__Clostridia;o__Lachnospirales;f__Anaerotignaceae;g__Fimicola",0.0172329394717017,0.0322665689826822,0.149493746446631,0.0783122173351111,0.0829987482939052,0.073251806944883,0.0484662578804613,0.29937469021034,0.0725716147906814,0.0236000461740076,0.117677619366939,0.0777420759362595,0.076152668662858,0.0641408684931165,0.0455271895575986,0.0839206039031451
"t__d__Bacteria;p__Firmicutes_A;c__Clostridia;o__Lachnospirales;f__Anaerotignaceae;g__JAGZLR01",0.132103181860642,0.094066759160264,0.326435060454229,0.122847162051783,0.116620808526769,0.179882086777903,0.0316434240623002,0.231917519568792,0.20773322613094,0.144200780489355,0.130214009604147,0.26107760554223,0.0997770819126786,0.0919414942947114,0.322117413256537,0.166171840912885
"t__d__Bacteria;p__Firmicutes_A;c__Clostridia;o__Lachnospirales;f__Anaerotignaceae;g__JAGZLR01;s__JAGZLR01 sp018364635",0.183367091484378,0.109124240796342,0.344276565669221,0.0975156361403841,0.150538632487442,0.20730699039782,0.0892074724175022,0.252176151137553,0.132037311748906,0.124105416037261,0.0400939411581356,0.212376304701895,0.342782330787245,0.237653012709098,0.141303731618102,0.177590988619419
"t__d__Bacteria;p__Firmicutes_A;c__Clostridia;o__Lachnospirales;f__Anaerotignaceae;g__Metalachnospira",0.0242251906994032,0.0213844755327107,0.0913534529283362,0.0907551189177916,0.0559253095333989,0.101435316730767,0.0405014651755408,0.120220687957926,0.0317241862332118,0.05560188008716,0.140332821082422,0.0892403092782089,0.0714290997156214,0.167032683224628,0.0632119677724145,0.0776249309913027
"t__d__Bacteria;p__Firmicutes_A;c__Clostridia;o__Lachnospirales;f__CAG-274;g__Gallispira",0.0260362768780393,0.0614778734258206,0.175680475459024,0.133687926192051,0.0280157602618928,0.080828106819065,0.0631112011333729,0.241996541369676,0.297088535469947,0.239538694847573,0.112622499785313,0.18124501410807,0.176440801686723,0.168888637176465,0.144260136476832,0.142061232072658
"t__d__Bacteria;p__Firmicutes_A;c__Clostridia;o__Lachnospirales;f__CAG-274;g__Gallispira;s__Gallispira sp900543365",0.0664185391770545,0.0128543272899856,0.0272181421376585,0.0305955756526986,0.00914180087993366,0.102674594419179,0.0678136241260452,0.231378614596257,0.214371850020546,0.0543192233535635,0.0295353328632522,0.104201980848987,0.0845924686245003,0.0610328162137583,0.0549421364425023,0.0767394017763948
"t__d__Bacteria;p__Firmicutes_A;c__Clostridia;o__Lachnospirales;f__CAG-274;g__Gallispira;s__Gallispira sp905201505",0.0530818780623974,0.00652080523211024,0.186722796907272,0.0239396883749409,0.0923523396955107,0.100060908295452,0.0447716545792339,0.133035203394343,0.132559860051943,0.109459249703108,0.066784906089869,0.164227291764823,0.0771325689134203,0.142590851694677,0.107084191186941,0.0960216129297363
"t__d__Bacteria;p__Firmicutes_A;c__Clostridia;o__Lachnospirales;f__Cellulosilyticaceae;g__Cellulosilyticum;s__Cellulosilyticum lentocellum",0.0135838612477263,0.0216593770670605,0.0386427399443646,0.0357036216945675,0.0168162179910176,0.0130449887078712,0.0260436488148891,0.148545977166297,0.102806016879006,0.0720605233871184,0.0705744111871368,0.0126548252684072,0.0152348447608566,0.0241326608699427,0.0320393628847559,0.0429028718580678
"t__d__Bacteria;p__Firmicutes_A;c__Clostridia;o__Lachnospirales;f__Cellulosilyticaceae;g__Niameybacter",0.0232343967581216,0.0227419401758687,0.16054114587933,0.0285048290472043,0.102877566359875,0.0820451880389383,0.0621420766150185,0.363608053328211,0.0309068982453926,0.0708970514271626,0.0214455565833301,0.0705231906903761,0.0368396729761381,0.00817749684342807,0.127883763520771,0.0808245884326111
"t__d__Bacteria;p__Firmicutes_A;c__Clostridia;o__Lachnospirales;f__Cellulosilyticaceae;g__Niameybacter;s__Niameybacter stercoravium",0.089618221515475,0.0408772113306995,0.101817750369706,0.0193981711931922,0.0869211748931423,0.0755176337844765,0.0606642656609583,0.352571527820135,0.123953226988536,0.02804889545523,0.102108849213856,0.186678913825704,0.0607438624503953,0.0912822848225993,0,0.0946801326216071
"t__d__Bacteria;p__Firmicutes_A;c__Clostridia;o__Lachnospirales;f__Lachnospiraceae;g__14-2;s__14-2 sp000403255",0.0605740343040774,0.0061135762626982,0.266453064337885,0.0175888966663183,0.0740028909026847,0.0652395983068806,0.0290782370993096,0.262172865306411,0.181753065229697,0.121547931143744,0.0899988963560721,0.145194804992238,0.0968489852955598,0.1362855285743,0.18626476427156,0.115941142603296
"t__d__Bacteria;p__Firmicutes_A;c__Clostridia;o__Lachnospirales;f__Lachnospiraceae;g__14-2;s__14-2 sp001940225",0.026627155641481,0.00802844545324632,0.108476199849162,0.0414163419882255,0.0044489241641812,0.0375953270330723,0.0320608788647815,0.179567226456153,0.0921334579827071,0.0308269575292393,0.105195324357166,0.0403877062347168,0.0926101309559164,0.0708300330167941,0.0495190903580858,0.0613148799923286
"t__d__Bacteria;p__Firmicutes_A;c__Clostridia;o__Lachnospirales;f__Lachnospiraceae;g__14-2;s__14-2 sp009911185",0.0996993458146267,0.0449932093604289,0.306126362521913,0.140473310368024,0.0976319710282134,0.0538078964094335,0.0245344874284645,0.293089385896828,0.102115344635164,0.143343470985108,0.0789358175305787,0.131213767340318,0.0271300367244057,0.072062094041143,0.112919657857651,0.115205077196153
"t__d__Bacteria;p__Firmicutes_A;c__Clostridia;o__Lachnospirales;f__Lachnospiraceae;g__14-2;s__14-2 sp910575035",0.0274665529640212,0.0224236038810928,0.0366074762790694,0.0579442090003368,0.0177125788832696,0.0418165014642301,0.0856226485338942,0.261180814505222,0.0656179563732248,0.106482875365661,0.0171081988433581,0.0484698634082623,0.00625510199384208,0.118451182460552,0.210033132662609,0.0748795131079097
"t__d__Bacteria;p__Firmicutes_A;c__Clostridia;o__Lachnospirales;f__Lachnospiraceae;g__1XD42-69",0.0363242866543736,0.0088109594940336,0.144881155724809,0.0547064725187094,0.0216828393065718,0.0751370233123612,0.0498670301990187,0.234114241636115,0.120788876943356,0.0389446475612957,0.0747861510558191,0.05962191517792,0.100843416753423,0.143218261255126,0.0696376971679862,0.0822243316507279
"t__d__Bacteria;p__Firmicutes_A;c__Clostridia;o__Lachnospirales;f__Lachnospiraceae;g__1XD42-69;s__1XD42-69 sp009911505",0.0396324844787615,0.032137680824779,0.318872881222664,0.0939361073732409,0.133520111859682,0.0479718063367026,0.085869864802363,0.229341492758829,0.13029890059401,0.0475336746440408,0.0928874438977752,0.106328287073772,0.0392084626844514,0.198980892777752,0.0299900219618286,0.10843400755271
"t__d__Bacteria;p__Firmicutes_A;c__Clostridia;o__Lachnospirales;f__Lachnospiraceae;g__Acetatifactor;s__Acetatifactor muris",0.0509822342797197,0.0102935502048531,0.125873441779192,0.0417218011574304,0.0374990081627778,0.0827262683043493,0.069690708294891,0.255775135926405,0.0731062423272987,0.0436503072468867,0.0410066824531313,0.0780812621952298,0.0141893600959212,0.0212482790926587,0.195030016894032,0.0760582865609851
"t__d__Bacteria;p__Firmicutes_A;c__Clostridia;o__Lachnospirales;f__Lachnospiraceae;g__Agathobacter;s__Agathobacter faecis",0.0683551262847646,0,0.190273843900316,0.232047455865788,0.0244809748256233,0.162264636980235,0.0454827420670859,0.344073187333523,0.069696990394697,0.110108325875071,0.0984059065020869,0.137644390849549,0.0794549649116142,0.210747257727198,0.248012873802333,0.134736578487992
"t__d__Bacteria;p__Firmicutes_A;c__Clostridia;o__Lachnospirales;f__Lachnospiraceae;g__Agathobacter;s__Agathobacter sp000434275",0.0247820733389442,0,0.129177418608077,0.096455371740479,0,0.140059992657636,0.0120494127127315,0.200265096244074,0.0276599245514232,0.0716329307443697,0.0907154470503114,0.135200728435119,0.0555875201096719,0.0488514876884366,0.112978635963921,0.076361069323013
"t__d__Bacteria;p__Firmicutes_A;c__Clostridia;o__Lachnospirales;f__Lachnospiraceae;g__Agathobacter;s__Agathobacter sp002474415",0.00699079348813679,0.00870372811354765,0.185855972177737,0.182484398861925,0.0610825803725142,0.0823631143503155,0.0151848304300916,0.250240917612763,0.00424439301746964,0.135804270535343,0.0928978392343165,0.117128751993338,0.167049874281076,0.180538634492575,0.208585358351347,0.1132770304875
"t__d__Bacteria;p__Firmicutes_A;c__Clostridia;o__Lachnospirales;f__Lachnospiraceae;g__Agathobacter;s__Agathobacter sp900316805",0.0278645720440733,0.019619383998883,0.0217989561350177,0.152801231432255,0.102034555494914,0.137219579595186,0.028335788672427,0.175995719197103,0.0503258303551158,0.152319089801842,0.0422170057885583,0.178254927634246,0.0477066442378985,0.136123089823635,0.160730177566426,0.0955564367851722
"t__d__Bacteria;p__Firmicutes_A;c__Clostridia;o__Lachnospirales;f__Lachnospiraceae;g__Agathobacter;s__Agathobacter sp900543445",0.0288232128317712,0.00607963888455475,0.0457065682405572,0.0703707377176064,0.00882436823300715,0.085526173206868,0.0161023195497569,0.213218009641395,0.118259241818342,0.0400158399444891,0.0760281327099851,0.0499649725679637,0.0222940588556033,0.0781812224269821,0.0953740206541094,0.0636512344855327
"t__d__Bacteria;p__Firmicutes_A;c__Clostridia;o__Lachnospirales;f__Lachnospiraceae;g__Agathobacter;s__Agathobacter sp900549895",0.0224985091809192,0.030915529879121,0.0851157686738425,0.030914055206065,0.0142016200763044,0,0.0509280600941691,0.284583343732171,0.015490067933599,0.017780814276175,0.0838847110430597,0.0793376321046611,0.014729439545939,0.1097131605756,0.0751831059007432,0.0610183878814913
"t__d__Bacteria;p__Firmicutes_A;c__Clostridia;o__Lachnospirales;f__Lachnospiraceae;g__Agathobacter;s__Agathobacter sp900552085",0.0929124022302375,0.0327477917832973,0.163160230715321,0.132167799070557,0.0240169279871757,0.0462628182161748,0.0176285947150455,0.214683934290655,0.0930815726072704,0.0643268124688794,0.0498904407569794,0.102884056887242,0.248915723137582,0.0345481997090235,0.148191808872738,0.0976946075632118
"t__d__Bacteria;p__Firmicutes_A;c__Clostridia;o__Lachnospirales;f__Lachnospiraceae;g__AM51-8",0.0854202771251507,0.0516976712599559,0.175854988878555,0.11662251074794,0.123721833029187,0.20507836460607,0.0596895136052076,0.13896128512775,0.126642281004033,0.15234462220128,0.121940573743593,0.0851969994747013,0.200967864804905,0.0578358732082251,0.14944330746596,0.123427864418834
"t__d__Bacteria;p__Firmicutes_A;c__Clostridia;o__Lachnospirales;f__Lachnospiraceae;g__AM51-8;s__AM51-8 sp003478275",0.0919320018102833,0.0417984462295392,0.201319638998429,0.0759787883474494,0.0411732494305086,0.082510605084408,0.021627984221117,0.288886411123891,0.197622274954284,0.0972348288203452,0.119989900313158,0.250459246440733,0.137164604809683,0.100799827710576,0.107825568635713,0.123754891795341
"t__d__Bacteria;p__Firmicutes_A;c__Clostridia;o__Lachnospirales;f__Lachnospiraceae;g__AM51-8;s__AM51-8 sp900546435",0.138256221248111,0.0569723334612758,0.096444210397412,0.160634069384422,0.127391133729482,0.197665634992651,0.0121848317296555,0.443340887058274,0.104103832928857,0.206649385863966,0.0630190209396757,0.456912953917846,0.118510018086211,0.037632879900455,0.243337214773675,0.164203641894131
"t__d__Bacteria;p__Firmicutes_A;c__Clostridia;o__Lachnospirales;f__Lachnospiraceae;g__AM51-8;s__AM51-8 sp900761925",0.0175149415086122,0.00909533277570294,0.0403540871914771,0.0305938663736581,0.0102269254485402,0.0326761680036032,0.0393094366191655,0.203689735865942,0.074916164284445,0.0496533524474721,0.0255941841850469,0.0429863488475108,0.0378983157878539,0.0404080231768489,0.110256430864824,0.0510115542253802
"t__d__Bacteria;p__Firmicutes_A;c__Clostridia;o__Lachnospirales;f__Lachnospiraceae;g__Anaerobutyricum;s__Anaerobutyricum stercoris",0.0280510698303256,0.00158443419043231,0.148943636260426,0.0362147246012205,0.0691209556455453,0.0515065677618076,0.0112355932372583,0.243391743110076,0.0552713204085223,0.176065199830357,0.043089630727111,0.0496523864988168,0.0407185160801433,0.00232124057314757,0.032645000375574,0.0659874679420509
"t__d__Bacteria;p__Firmicutes_A;c__Clostridia;o__Lachnospirales;f__Lachnospiraceae;g__Anaerosporobacter",0.0231831098212375,0.063411805481923,0.188497635176294,0.122981063538257,0.0664152180436186,0.0472798566358178,0.0773431015357732,0.130669875924317,0.00848878603493928,0.105317540007677,0.0502187433067398,0.22435003912643,0.078630612119748,0.0951061448237736,0.13262467856728,0.0943012140095885
"t__d__Bacteria;p__Firmicutes_A;c__Clostridia;o__Lachnospirales;f__Lachnospiraceae;g__Anaerostipes",0.0336931591305407,0.0331868358229287,0.35700308276714,0.0679035563006717,0.121260714328421,0.173204758422924,0.147461829723225,0.188969518660831,0.108529688352796,0.0703677510741431,0.124138832525546,0.142388456577605,0.100461108871459,0.16931935106429,0.157511903820264,0.133026703162852
"t__d__Bacteria;p__Firmicutes_A;c__Clostridia;o__Lachnospirales;f__Lachnospiraceae;g__Anaerostipes;s__Anaerostipes avistercoris",0.0215956119884508,0.0614687976147196,0.23519746803627,0.0886660840895882,0.0250930257235645,0.102031259854848,0.0976815013613228,0.234671547893542,0.148331841401222,0.15170085752607,0.209663290090965,0.0975478586758043,0.102133023146271,0.107692365344523,0.244219746230838,0.128512951931867
"t__d__Bacteria;p__Firmicutes_A;c__Clostridia;o__Lachnospirales;f__Lachnospiraceae;g__Anaerostipes;s__Anaerostipes hadrus",0.0846680931749492,0.0316470499215895,0.133568800100897,0.10978025721031,0.122892732268345,0.184530795789949,0.0273535854208309,0.256272513893792,0.325067809017158,0.215223979537108,0.157809761814011,0.0194649424018529,0.240719551366109,0.115892995369579,0.142572442144207,0.144497687295379
"t__d__Bacteria;p__Firmicutes_A;c__Clostridia;o__Lachnospirales;f__Lachnospiraceae;g__Anaerostipes;s__Anaerostipes hadrus_A",0.0797775402072698,0.0594076571102964,0.0373389307499135,0.0788363236170965,0.0792529128312805,0.138536601559131,0.0417140991337052,0.196264220554659,0.0388588721016428,0.0873376845689152,0.166085172195878,0.123648007342632,0.0213101730204955,0.0879214867042587,0.072722443375346,0.0872674750048347
"t__d__Bacteria;p__Firmicutes_A;c__Clostridia;o__Lachnospirales;f__Lachnospiraceae;g__Anaerostipes;s__Anaerostipes sp001940315",0.0240475067398909,0.0363171998611496,0.131306746394363,0.0670510754553866,0.0703880125054622,0.303195641045582,0.083925876578568,0.365893923181592,0.0649875707379462,0.194102064621338,0.10955426995544,0.0640109007263643,0.150051197834061,0.130969042154849,0.180837797060036,0.131775921656802
"t__d__Bacteria;p__Firmicutes_A;c__Clostridia;o__Lachnospirales;f__Lachnospiraceae;g__Anaerostipes;s__Anaerostipes sp018918155",0.010627066819804,0.032304551396326,0.201826701375944,0.0344158648945169,0.038480403777281,0.205859133935651,0.195332229931845,0.0754183970920011,0.160289550250504,0.153351519260145,0.169845346538879,0.0972429681214621,0.0575606022670722,0.0600466799612159,0.187661009811765,0.112017468362294
"t__d__Bacteria;p__Firmicutes_A;c__Clostridia;o__Lachnospirales;f__Lachnospiraceae;g__Anaerostipes;s__Anaerostipes sp900066705",0.0320446333238594,0.0284764271343467,0.146545990683529,0.0785771037307813,0.0326976391520895,0.183690142251072,0.084183382698459,0.16080261183741,0.197696439788487,0.072934156653134,0.0385085180330382,0.0853294882651263,0.0643871843954524,0.130813632520843,0.138695491247489,0.0983588561143411
"t__d__Bacteria;p__Firmicutes_A;c__Clostridia;o__Lachnospirales;f__Lachnospiraceae;g__Anaerostipes;s__Anaerostipes sp905215045",0.075997946996491,0.00816881108921251,0.174954879451102,0.083403847559843,0.0625490798778914,0.131119643665233,0.145658643477355,0.13477267100114,0.11434448461891,0.230725270542994,0.224080206682295,0.114463604277238,0.235713192778956,0.17602031406478,0.194119791546245,0.140406159175313
"t__d__Bacteria;p__Firmicutes_A;c__Clostridia;o__Lachnospirales;f__Lachnospiraceae;g__Bacteroides_F;s__Bacteroides_F pectinophilus",0.0123442103050183,0.0218769399097917,0.0783613322681327,0.0726683325388449,0.0344995328042915,0.0757921649181681,0.0345596512991354,0.314049043404918,0.027524083087145,0.0847771324923378,0.0434146008747566,0,0.0939782397673188,0.0544415367022715,0.0165582731146587,0.0643230048991193
"t__d__Bacteria;p__Firmicutes_A;c__Clostridia;o__Lachnospirales;f__Lachnospiraceae;g__Bariatricus;s__Bariatricus faecipullorum",0.0329532352976145,0.0204969772847381,0.0781403343119227,0.0161687791761029,0.0342661990318014,0.031492068819072,0.00960857828052886,0.376615254187959,0.168355741648359,0.0522050512096234,0.101068798629001,0.0225726952674074,0.051401883922697,0.0515468862032828,0.0212718653516049,0.071210956574781
"t__d__Bacteria;p__Firmicutes_A;c__Clostridia;o__Lachnospirales;f__Lachnospiraceae;g__Blautia_A;s__Blautia_A avistercoris",0.0455982893540485,0.0195302676201778,0.081717127018584,0.0932537896730012,0.0461788044764538,0.0347001158365749,0.00300689711486961,0.145086402103936,0.0221826145479547,0.0776037596982594,0.034765125768482,0.0731163788056788,0.0218025388790964,0.0963194595367428,0.0242539444610604,0.0546077009929947
"t__d__Bacteria;p__Firmicutes_A;c__Clostridia;o__Lachnospirales;f__Lachnospiraceae;g__Blautia_A;s__Blautia_A caecimuris",0.0211990845196772,0.0390036584136596,0.0406625633839166,0.168462416124657,0.064310974659468,0.0368693880119476,0.0437573995522759,0.269000838278655,0.0540606452276089,0.0508055511348985,0.0878318595987794,0.0328064108403832,0.0831685812032056,0.0449207183169891,0.142541737959867,0.0786267884817326
"t__d__Bacteria;p__Firmicutes_A;c__Clostridia;o__Lachnospirales;f__Lachnospiraceae;g__Blautia_A;s__Blautia_A excrementipullorum",0.0585148640628042,0.0347459002614005,0.15812326613604,0.0330895174733813,0.0255936906503633,0.0152065566818056,0.0268498224727769,0.136316730698376,0.0360221045370549,0.106894201020379,0.0965689807020534,0.125273936505059,0.0770645352276359,0.0472019281457833,0.161492059146284,0.0759305395814132
"t__d__Bacteria;p__Firmicutes_A;c__Clostridia;o__Lachnospirales;f__Lachnospiraceae;g__Blautia_A;s__Blautia_A faecavium",0.0323568085784668,0.0210761893050336,0.103442365398669,0.0491527497654694,0.0164351779327334,0.0191836223814219,0.0245950516282176,0.225121205936864,0.054587276209623,0.057016453181484,0.0611054483878082,0.0322626850834085,0.0518496991177538,0.0422016343719655,0.0388047658063513,0.0552794088723513
"t__d__Bacteria;p__Firmicutes_A;c__Clostridia;o__Lachnospirales;f__Lachnospiraceae;g__Blautia_A;s__Blautia_A intestinavium",0.0208947049812088,0.0286875856230428,0.0825116965259445,0.0570127638898578,0.0707291435784682,0.0751473012674191,0,0.177588947395157,0.0609995086347682,0.0157854833294892,0.082638504423226,0.0670309696155549,0.0461791284195876,0.0572268593193799,0.00824376788712715,0.0567117576593488
"t__d__Bacteria;p__Firmicutes_A;c__Clostridia;o__Lachnospirales;f__Lachnospiraceae;g__Blautia_A;s__Blautia_A massiliensis",0.0623236341158381,0.0311691424055542,0.160780983501044,0.0371813607936937,0.0314637879800239,0.108304972828353,0.0862212251426589,0.155631108321412,0.13330848860821,0.0589476237746949,0.0231162353863452,0.0324160572788683,0.0215196429847671,0.147497552314992,0.0134421325049893,0.073554929862763
"t__d__Bacteria;p__Firmicutes_A;c__Clostridia;o__Lachnospirales;f__Lachnospiraceae;g__Blautia_A;s__Blautia_A sp900541345",0.0146400792018396,0.0299527169263783,0,0.0371312334135161,0.048118648300552,0.0453131810874948,0.0454768279500017,0.127018195971071,0.0695861577490255,0.0771608268943072,0.0796378277206804,0.0198006098836907,0.039950891678535,0.126076121041078,0.128786270448145,0.0592433058844211
"t__d__Bacteria;p__Firmicutes_A;c__Clostridia;o__Lachnospirales;f__Lachnospiraceae;g__Blautia_A;s__Blautia_A sp900751995",0.0513417916989022,0.0674897251774767,0.104590026272897,0.0571388252045247,0.0309961661084109,0.0907226133366977,0.0481345970640238,0.136904411111375,0.0603576323350944,0.0898400579883911,0.0902228627574391,0.030201649194331,0.045343886054482,0.107444150478216,0.0658239629762958,0.0717701571839038
"t__d__Bacteria;p__Firmicutes_A;c__Clostridia;o__Lachnospirales;f__Lachnospiraceae;g__Blautia;s__Blautia avicola",0.022878018985621,0.0289257484470072,0.086749380878423,0.131310644542436,0.0435109943325787,0.0451768481603211,0.0165011476245265,0.12075556705643,0.0617247709356593,0.06931545857556,0.0900382269004898,0.0680702144878358,0.0752858393284783,0.119249704289799,0.0670578015156267,0.0697700244040529
"t__d__Bacteria;p__Firmicutes_A;c__Clostridia;o__Lachnospirales;f__Lachnospiraceae;g__Blautia;s__Blautia merdavium",0.050277380463199,0.0263174203854923,0.0441881061434397,0,0.0383636936806111,0.0867404628283478,0.0811833353608773,0.231753560183972,0.0783467851733207,0.040551425198708,0.0811842570408586,0.0979119455369466,0.0275522349728758,0.108071668594025,0.0629800466502148,0.0703614881475259
"t__d__Bacteria;p__Firmicutes_A;c__Clostridia;o__Lachnospirales;f__Lachnospiraceae;g__Blautia;s__Blautia pullicola",0.0129614212717659,0.0196517993986061,0.118596445329374,0.077828378567427,0.078760325649808,0.0108965628102052,0.0380842548207798,0.23107584495876,0.023786914779508,0.126666715874104,0.0427635612376654,0.023794861502636,0.0217440428789077,0.039904707289635,0.0710752707540455,0.0625060738082151
"t__d__Bacteria;p__Firmicutes_A;c__Clostridia;o__Lachnospirales;f__Lachnospiraceae;g__Blautia;s__Blautia pullistercoris",0.0393853285110024,0.0146875577030897,0.0393619073911252,0.008640471873085,0.029086639631751,0.02414065847439,0.0252966154553207,0.224996049228401,0.0316207279801488,0.0373523810934916,0.0690761464791584,0.0599734202552118,0.114855584153703,0.135686951123177,0.0958815995283956,0.0633361359254302
"t__d__Bacteria;p__Firmicutes_A;c__Clostridia;o__Lachnospirales;f__Lachnospiraceae;g__Blautia;s__Blautia sp900547685",0.0533772007180093,0.063634887396473,0.163759121156181,0.166373882592175,0.0672079276671096,0.186095459262102,0.0419054726379183,0.152839814927413,0.150444113338399,0.110160037702666,0.0977001728227681,0.0700245265913988,0.113210431105463,0.124164761828668,0.111949703351253,0.111523167539866
"t__d__Bacteria;p__Firmicutes_A;c__Clostridia;o__Lachnospirales;f__Lachnospiraceae;g__Butyribacter",0.0743097338169934,0.0279415772064699,0.25030927617283,0.02992321082654,0.0614286833510021,0.0401798497609609,0.0586239688762532,0.30453153034829,0.0812228479152621,0.108284824983164,0.0915790826484448,0.0499014180262606,0.1122566499366,0.060054165114509,0.131432316260045,0.0987986090162416
"t__d__Bacteria;p__Firmicutes_A;c__Clostridia;o__Lachnospirales;f__Lachnospiraceae;g__Butyribacter;s__Butyribacter intestini",0.0583719476738091,0.0120810320433911,0.113282585407836,0.0184778447530602,0.0454838101822998,0.0753037045012068,0.0130016296914813,0.0876356886128036,0.0945916621876847,0.0572458268657653,0.0240539056230752,0.0848023155644722,0.0767510735212579,0.0121697781923041,0.112756888755314,0.0590673129050508
"t__d__Bacteria;p__Firmicutes_A;c__Clostridia;o__Lachnospirales;f__Lachnospiraceae;g__Butyribacter;s__Butyribacter sp000436755",0.121463614866891,0.0597382548921692,0.360558654547838,0.0804591852001138,0.0982323104661486,0.179970224009685,0.052370233055146,0.178149965665397,0.0924069413329471,0.181128181667063,0.0879959643745113,0.0662705577251996,0.0659308655114546,0.149333404089296,0.15067975288195,0.128312540685721
"t__d__Bacteria;p__Firmicutes_A;c__Clostridia;o__Lachnospirales;f__Lachnospiraceae;g__Butyribacter;s__Butyribacter sp001916135",0.0179876979432818,0.0239973559152948,0.175254367831629,0.0474204350395497,0.0771644941469445,0.15347846735021,0.0117558112202499,0.193964370165809,0.0952553134863058,0.203699976176935,0.0117014001439144,0.0541616237729658,0.0568615914126116,0.134464629041967,0.107177507120023,0.0909563360511794
"t__d__Bacteria;p__Firmicutes_A;c__Clostridia;o__Lachnospirales;f__Lachnospiraceae;g__Butyribacter;s__Butyribacter sp003149875",0.0650471512532815,0.0229824195804644,0.113658369369626,0.0872328188806896,0.082512006443324,0.0836115711209793,0.0159536142920657,0.294101577975574,0.127881222629421,0.0438908010409877,0.12140340547591,0.100390936645696,0.123725020341156,0.053162527510668,0.17784286028724,0.100893086856472
"t__d__Bacteria;p__Firmicutes_A;c__Clostridia;o__Lachnospirales;f__Lachnospiraceae;g__Butyribacter;s__Butyribacter sp003611745",0.0124695042366173,0.064467289298992,0.425050687800156,0.149639216572003,0.0364379629556493,0.205372494602528,0.050198935627382,0.193105816919914,0.115361830193046,0.139567183005153,0.0732659749359042,0.137015495850196,0.0500553200287259,0.0946995397943135,0.194925824193513,0.129442205067606
"t__d__Bacteria;p__Firmicutes_A;c__Clostridia;o__Lachnospirales;f__Lachnospiraceae;g__Butyribacter;s__Butyribacter sp018918235",0.0253308669978539,0.0580826293275255,0.164456238558649,0.0357815358581732,0.0707607833171979,0.0874968644482608,0.0612267745635123,0.0885248222822566,0.0679312310082189,0.140627659112294,0.212658983220244,0.141649122974447,0.0421742067079651,0.229156626362926,0.128371152465175,0.103615299813647
"t__d__Bacteria;p__Firmicutes_A;c__Clostridia;o__Lachnospirales;f__Lachnospiraceae;g__Butyribacter;s__Butyribacter sp910577825",0.11828989912115,0.0770314845027064,0.351819807698806,0.0877440463664009,0.113696924927546,0.11547323889437,0.108374194846227,0.279925465701504,0.249952137745833,0.195467490911699,0.20829990480324,0.166959294134943,0.107573408308922,0.368757426507191,0.129124431480711,0.178565943730083
"t__d__Bacteria;p__Firmicutes_A;c__Clostridia;o__Lachnospirales;f__Lachnospiraceae;g__Butyrivibrio_A",0.0430259219890059,0.0150523423966354,0.075342856845681,0.0632634418623681,0.00863971294828683,0.124983387233908,0.0499082814312492,0.261617167018343,0.0321674633518907,0.0911386099271277,0.0640027749463206,0.00600018481323961,0.0465372472980672,0.0116435752542144,0.186508425379762,0.0719887595130733
"t__d__Bacteria;p__Firmicutes_A;c__Clostridia;o__Lachnospirales;f__Lachnospiraceae;g__Butyrivibrio_A;s__Butyrivibrio_A crossotus",0.0522294344290917,0.0545784877829017,0.103410718573961,0.0293416611015866,0.0484814217163917,0.162591539935682,0.0408700554846672,0.233707796630195,0.0235714528197649,0.102789382669903,0.056238330414858,0.0748491982628848,0.0755183401606658,0.0569746381662403,0.161441549385759,0.0851062671689702
"t__d__Bacteria;p__Firmicutes_A;c__Clostridia;o__Lachnospirales;f__Lachnospiraceae;g__Caccovicinus",0.038196083859583,0.0425623468352455,0.225975628074508,0.0408046890990954,0.0358116448345502,0.103244539511195,0.0202833577522032,0.149046837759564,0.121631218291663,0.0445442296371753,0.0650504191836064,0.0189635916212724,0.0805762361819841,0.013382925120098,0.0254259499369591,0.0683666465132469
"t__d__Bacteria;p__Firmicutes_A;c__Clostridia;o__Lachnospirales;f__Lachnospiraceae;g__Caccovicinus;s__Caccovicinus sp910575565",0.00677569215004027,0.0286131967397935,0.228759678582616,0.0833697703940886,0.0347071859198608,0.0805905364517227,0.0292594654603357,0.290823545641069,0.0635049875477977,0.103161691927992,0.0667799458996841,0.054914917270968,0.0371817920188754,0.0613889674748329,0.138050703953886,0.0871921384955708
"t__d__Bacteria;p__Firmicutes_A;c__Clostridia;o__Lachnospirales;f__Lachnospiraceae;g__CAG-127;s__CAG-127 sp002431865",0.0479216542301308,0.0217405511800567,0.0395182501101689,0.044095996446333,0.0554481899535688,0.0522465284324264,0.0132235134483471,0.159258257463757,0.0557013222336728,0.105343518225527,0.0706593365337519,0.0416058679792333,0.0773879701681734,0.0832855846069636,0.0366017941092415,0.0602692223414235
"t__d__Bacteria;p__Firmicutes_A;c__Clostridia;o__Lachnospirales;f__Lachnospiraceae;g__CAG-127;s__CAG-127 sp002476495",0.0203354983180808,0.0359867039265486,0.0854945402931591,0.05157007924148,0.112767023044829,0.215651612671444,0.0501915693060233,0.473296496266415,0.0991299587897921,0.0519903169419471,0.0772233238869019,0.117283788994933,0.026271705636762,0.0511087411946746,0.165502490461532,0.108920256598301
"t__d__Bacteria;p__Firmicutes_A;c__Clostridia;o__Lachnospirales;f__Lachnospiraceae;g__CAG-127;s__CAG-127 sp017625815",0.0137441788327448,0.0151397215494412,0.0479470027471831,0.0316378864237185,0.0191774550395565,0.036888326457419,0.0174753785264187,0.0993182577871649,0.00509327162096357,0.0542601834719775,0.0370351714021769,0.0288204598097761,0.135697249193562,0.0223351369606585,0.0108304603619145,0.0383600093456451
"t__d__Bacteria;p__Firmicutes_A;c__Clostridia;o__Lachnospirales;f__Lachnospiraceae;g__CAG-127;s__CAG-127 sp900553925",0.0510894588670641,0.0398411627900601,0.0459315522048158,0.0587611477798647,0.0802734141279985,0.101273530297546,0.034030772404897,0.228320483261721,0.00530549127183705,0.0645293399129317,0.0128954205667628,0.0335057992395937,0.0859532615233202,0.0460390195376755,0.0761372135436517,0.0642591378219827
"t__d__Bacteria;p__Firmicutes_A;c__Clostridia;o__Lachnospirales;f__Lachnospiraceae;g__CAG-127;s__CAG-127 sp900767585",0.0215051767417778,0,0.0238426082726757,0.116715135049089,0.0571734294091615,0.0645231248865532,0.0351044959569153,0.205263307952602,0.0604909386306271,0.0730253803804354,0.0695654976355446,0.0115503557654862,0,0.0343334262174684,0.0776933219306751,0.0567190799219341
"t__d__Bacteria;p__Firmicutes_A;c__Clostridia;o__Lachnospirales;f__Lachnospiraceae;g__CAG-194;s__CAG-194 sp000432915",0.0331227773203306,0.0273381558872523,0.119390859200429,0.0859915256396051,0.0248409074687105,0.11032173268008,0.0479670602206705,0.0985341745163043,0.135687330878979,0.0887527098995033,0.169333088747394,0.0698222546798355,0.0139911109165984,0.0432241466919093,0.13783580860106,0.0804102428899108
"t__d__Bacteria;p__Firmicutes_A;c__Clostridia;o__Lachnospirales;f__Lachnospiraceae;g__CAG-194;s__CAG-194 sp018917935",0.0497788497399368,0.0192727659507892,0.0782325645436734,0.0456365865266163,0.153917953678494,0.0825165817930217,0.0730361523248967,0.166537002762637,0.13354276491632,0.0189913573070945,0.0465140884217227,0.0861591797543732,0.0509266020994409,0.0238153788744415,0.0974540640642904,0.0750887928505166
"t__d__Bacteria;p__Firmicutes_A;c__Clostridia;o__Lachnospirales;f__Lachnospiraceae;g__CAG-303",0.155019546215856,0.10359789016001,0.330077843921902,0.14551943416523,0.0528822817399843,0.103480387403479,0.13476415721914,0.075335130904166,0.125425432834524,0.0555733239650398,0.17635630787493,0.096666655609345,0.151862367827319,0.171855117006686,0.203230392221394,0.138776417937934
"t__d__Bacteria;p__Firmicutes_A;c__Clostridia;o__Lachnospirales;f__Lachnospiraceae;g__CAG-303;s__CAG-303 sp000437755",0.117834188431532,0.0399851507617792,0.101969455332343,0.19669071816304,0.109869310317173,0.0775596844421903,0.0563736110401003,0.230302519365072,0.211063407478823,0.17307487548071,0.104387991619549,0.109616929300669,0.140150836310933,0.110123711150473,0.392368123173161,0.144758034157837
"t__d__Bacteria;p__Firmicutes_A;c__Clostridia;o__Lachnospirales;f__Lachnospiraceae;g__CAG-303;s__CAG-303 sp900539455",0.030752041076922,0.00571309499978519,0.155133578083278,0.010617648473285,0.0195083652071464,0.0892943282670183,0.0592829634929976,0.216046004789724,0.0653512469901606,0.133293279770314,0.121736080595373,0.0540751286770597,0.033782729450651,0.0556410979989402,0.0650453437425618,0.0743515287743477
"t__d__Bacteria;p__Firmicutes_A;c__Clostridia;o__Lachnospirales;f__Lachnospiraceae;g__CAG-411",0.0516789342302337,0.0245082403562497,0.186217641302075,0.0296181863040878,0.0674373654306246,0.0764080002513916,0.037097221862317,0.166346939987544,0.0695463423384103,0.0374176903392474,0.119749141466625,0.045971710104144,0.103663723909571,0.0885067060952407,0.0467513524211096,0.0767279464265914
"t__d__Bacteria;p__Firmicutes_A;c__Clostridia;o__Lachnospirales;f__Lachnospiraceae;g__CAG-411;s__CAG-411 sp000437275",0.0814592853635396,0.0225900776545166,0.184849793860442,0.0306117898417284,0.0575939526514189,0.179749616075868,0.0640075325130757,0.135929083085584,0.0311780606824265,0.0904735194558065,0.0688465810267803,0.0796927289384169,0.126252750435572,0.112115070703524,0.12027321698822,0.0923748706184613
"t__d__Bacteria;p__Firmicutes_A;c__Clostridia;o__Lachnospirales;f__Lachnospiraceae;g__CAG-411;s__CAG-411 sp902795895",0.0162212300752507,0.0196342041429273,0.0943218192677412,0.0873993159390316,0.0222434641114583,0.0237548642487081,0.0761653213709342,0.251204502153563,0.104629830900818,0.0215928601500977,0.0749445936669936,0.151214483975425,0.0673238219412751,0.072910839998846,0.0367663760761439,0.0746885018679476
"t__d__Bacteria;p__Firmicutes_A;c__Clostridia;o__Lachnospirales;f__Lachnospiraceae;g__CAG-510;s__CAG-510 sp000434615",0.0261959936885483,0.0214937237457951,0.0768255279721851,0.119314489956797,0.0448709638480937,0.0444754763540729,0.0279885815188405,0.482402922607758,0.0762991622238479,0.163692992977731,0.0859583909641853,0.0261317849178984,0.0487472130717463,0.0620464797846114,0.158208892898186,0.0976435064353532
"t__d__Bacteria;p__Firmicutes_A;c__Clostridia;o__Lachnospirales;f__Lachnospiraceae;g__CAG-590",0.0813991753794097,0.0356450341387624,0.117442464467568,0.0489970636678623,0.0673093584423195,0.187963447196272,0.015422712836602,0.1264838807517,0.145589573746274,0.0336240407869744,0.117543751441753,0.0353393428516123,0.0351861169633303,0.184952875780785,0.060053036872331,0.0861967916882371
"t__d__Bacteria;p__Firmicutes_A;c__Clostridia;o__Lachnospirales;f__Lachnospiraceae;g__CAG-590;s__CAG-590 sp000431135",0.0132612747613181,0.0424395563435714,0.0175618188811524,0.0416012819849357,0.0215338603617558,0.0570146657295572,0.00360827653784354,0.120762163669833,0.0185167457530787,0.0900163651798769,0,0.0596362240455479,0.0608225678366321,0.0673233698792054,0.033438050627822,0.0431690814394753
"t__d__Bacteria;p__Firmicutes_A;c__Clostridia;o__Lachnospirales;f__Lachnospiraceae;g__CAG-590;s__CAG-590 sp003530125",0.0137744523544029,0.0236465660921955,0.0844260250853934,0.174197035700351,0.109695484446831,0.18583352551039,0.0414619210259111,0.23402345288067,0.0759684798055375,0.314584029246651,0.120904158515761,0.0197758634934898,0.0598295963893529,0.108272739566515,0.0428277906341437,0.10728140804984
"t__d__Bacteria;p__Firmicutes_A;c__Clostridia;o__Lachnospirales;f__Lachnospiraceae;g__CAG-590;s__CAG-590 sp900548855",0.0904138780551649,0.0348519147328853,0.00913073239213238,0.0952390634418748,0.0926101977166769,0.258476187774478,0.0233643539857453,0.190593317783769,0.181403752267695,0.13732494628529,0.125168716118372,0.0850956989767098,0.13285918617609,0.153429503281464,0.0853746906147048,0.11302240930687
"t__d__Bacteria;p__Firmicutes_A;c__Clostridia;o__Lachnospirales;f__Lachnospiraceae;g__CAG-590;s__CAG-590 sp902793335",0.190899497302294,0.00890257967449372,0.239063704330048,0.115441949156051,0.0701084816991914,0.195168289591984,0.0255748423767979,0.297562122184423,0.0217669905076842,0.0512590153062445,0.112327053184956,0.0806688906363408,0.240455213457147,0.0287301544191595,0.163844019067993,0.122784853526321
"t__d__Bacteria;p__Firmicutes_A;c__Clostridia;o__Lachnospirales;f__Lachnospiraceae;g__CAG-603",0.0281306418849727,0.0260622036676415,0.089825499962043,0.0806048142061361,0.0906753956467483,0.0761411011793672,0.0689215420378278,0.271736813020519,0.0290561351222855,0.0668917107010539,0.13646160965713,0.0798887475118053,0.036869168226331,0.0503756309906993,0.0148075037443683,0.0764299011705953
"t__d__Bacteria;p__Firmicutes_A;c__Clostridia;o__Lachnospirales;f__Lachnospiraceae;g__CAG-603;s__CAG-603 sp900314555",0.0246974608000005,0.0150188258998642,0.1370385650666,0.0598065092498703,0.117009850233537,0.365497164282884,0.0879946708078936,0.242588577116064,0.270179834535539,0.0542197202438948,0.207319676445759,0.00594018296510721,0.125526769128128,0.126295795961719,0.153199535441905,0.132822209211918
"t__d__Bacteria;p__Firmicutes_A;c__Clostridia;o__Lachnospirales;f__Lachnospiraceae;g__CAG-603;s__CAG-603 sp902767015",0.0534168977172588,0.0361663179362108,0.0577483369561786,0.0645218564291494,0.0250154420108785,0.118921471881684,0.0195712384227198,0.122027374635048,0.0573314079486788,0.142121439875287,0.0205180498799381,0.0810736355271843,0.00478706785243016,0.0456402429708623,0.115177398934087,0.0642692119318397
"t__d__Bacteria;p__Firmicutes_A;c__Clostridia;o__Lachnospirales;f__Lachnospiraceae;g__CAG-632",0.0856106359348596,0.0586653010554579,0.194224625852576,0.086751794506869,0.0772079414495446,0.253781215170502,0.0278817061780583,0.321437809023922,0.0477068417450408,0.0634305041452835,0.0571867940474907,0.137748714366415,0.0871808092572558,0.0761374987493186,0.0490554069883679,0.108267173231397
"t__d__Bacteria;p__Firmicutes_A;c__Clostridia;o__Lachnospirales;f__Lachnospiraceae;g__CAG-632;s__CAG-632 sp002406015",0.0313586141938632,0.0271667631135023,0.246831717074224,0.100797528929656,0.11290464577526,0.0645618414370681,0.0299710474196455,0.244117654943884,0.198929389959296,0.0376840952150562,0.0413321024100093,0.130300338975279,0.0465503297613959,0.0754111940752863,0.0839946684706471,0.0981274621169382
"t__d__Bacteria;p__Firmicutes_A;c__Clostridia;o__Lachnospirales;f__Lachnospiraceae;g__CAG-632;s__CAG-632 sp900539185",0.0508719985780874,0.0336040833229718,0.146509650107119,0.0471941527820821,0.0645733295133263,0.104697041206343,0.0391987721552163,0.41577346482872,0.123200589193043,0.108997996867547,0.140373912994874,0.0818872568447711,0.0841333821741063,0.0657140831628758,0.169440437031289,0.111744676717491
"t__d__Bacteria;p__Firmicutes_A;c__Clostridia;o__Lachnospirales;f__Lachnospiraceae;g__CAG-882;s__CAG-882 sp000435595",0.03781644190947,0.104628543527658,0.177004306306612,0.0274623944049596,0.0713336200348284,0.154134643821911,0.0329913025804036,0.206234097624441,0.134096386722009,0.0460424198201924,0.0922648360529325,0.0703470421582226,0.0261852552987711,0.152596655513104,0.00264978253514802,0.0890525152207109
"t__d__Bacteria;p__Firmicutes_A;c__Clostridia;o__Lachnospirales;f__Lachnospiraceae;g__CAG-95;s__CAG-95 sp000403495",0.090390951939294,0.0449833257070209,0.127368190061681,0.0374341520834891,0.047573270327722,0.0803825115489274,0.0434085646694955,0.171076732540215,0.0603479156468423,0.0470198056696443,0.122944294449154,0.0321835396359169,0.0269961498015302,0.076509485318009,0.0662682261162715,0.0716591410343476
"t__d__Bacteria;p__Firmicutes_A;c__Clostridia;o__Lachnospirales;f__Lachnospiraceae;g__CAG-95;s__CAG-95 sp002492465",0.0683268177284325,0.00744763843686086,0.0589017033638883,0.114508921520366,0.0581540436310364,0.112042924243248,0.0261454280316101,0.131189280096478,0.0564564359089778,0,0.0905367188453303,0.129766468735279,0.0505449294925832,0.0793773020503537,0.144290417556346,0.0751792686427193
"t__d__Bacteria;p__Firmicutes_A;c__Clostridia;o__Lachnospirales;f__Lachnospiraceae;g__CAG-95;s__CAG-95 sp011959285",0.0460298168415594,0.0312919950427464,0.131530957665272,0.0430497711086907,0.0311866393836618,0.0776159113406096,0.102338065245578,0.195835810953859,0.0384908071274356,0.0829992999630327,0.106316196093348,0.0610056888898329,0.049208451585965,0.12299679849498,0.100073376595351,0.0813313057554615
"t__d__Bacteria;p__Firmicutes_A;c__Clostridia;o__Lachnospirales;f__Lachnospiraceae;g__CAG-95;s__CAG-95 sp014804785",0.0960480219014275,0.0354101749197777,0.167430930224141,0.198638718967691,0.134274389508665,0.153137359902044,0.0651978310044481,0.447289895202724,0.205714048497939,0.180289526255328,0.221189893930381,0.162713166658689,0.136461670692498,0.121776233355094,0.0528137336757664,0.158559039646441
"t__d__Bacteria;p__Firmicutes_A;c__Clostridia;o__Lachnospirales;f__Lachnospiraceae;g__CAG-95;s__CAG-95 sp017622575",0.00662830789986303,0.0339515767009292,0.0514866210399325,0.0828159025881534,0.0114322574680696,0.130320017983323,0.0349684904696121,0.181277090099956,0.199174153581625,0.0457318783928945,0.0384530832888648,0.141245235350904,0.0573523852530311,0.153171429595092,0.112704998846599,0.0853808952372566
"t__d__Bacteria;p__Firmicutes_A;c__Clostridia;o__Lachnospirales;f__Lachnospiraceae;g__CAG-95;s__CAG-95 sp018384375",0.0234148936489256,0.00484070864251546,0.0274339232083499,0.0468968034462294,0.0176106554325271,0.0647129734348229,0.0294275608960527,0.164014666856704,0.0227325313734738,0.0766390252952086,0,0.0394158478991767,0.0395643688538187,0.0142576687946311,0.119908628219331,0.0460580170667845
"t__d__Bacteria;p__Firmicutes_A;c__Clostridia;o__Lachnospirales;f__Lachnospiraceae;g__Catenibacillus;s__Catenibacillus faecigallinarum",0.0449814812781328,0.00987941318740147,0.0555010187326657,0.0060118299152455,0.0558096881416202,0.13187643138316,0.0533206455124417,0.188118860778607,0.0602682441555679,0.0673501917489383,0.0974428030019231,0.0738160841195085,0.0232950869842215,0.0464593321744522,0.100866051738128,0.0676664775234676
"t__d__Bacteria;p__Firmicutes_A;c__Clostridia;o__Lachnospirales;f__Lachnospiraceae;g__Catonella;s__Catonella massiliensis",0.181308146657912,0.0672888515821178,0.139231051619936,0.0607968555764881,0.0185403488566467,0.0446840147273146,0.0850542740186843,0.152699761283277,0.0735237982655795,0.0631391730567637,0.244994848225999,0.0683269675143542,0.0792154129066818,0.107383855264165,0.0621155647831724,0.0965535282892728
"t__d__Bacteria;p__Firmicutes_A;c__Clostridia;o__Lachnospirales;f__Lachnospiraceae;g__Choladocola;s__Choladocola avistercoris",0.0500983244427632,0.00483347634437383,0.0475963621045835,0.0734567539451922,0.0236428680664614,0.0960280499336842,0.0269400212014525,0.231450957862949,0.0442395850955692,0.0770873684593225,0.14430842892905,0.0664425851922083,0.0367911098953482,0.0531413923524676,0.122411387015478,0.0732312447227269
"t__d__Bacteria;p__Firmicutes_A;c__Clostridia;o__Lachnospirales;f__Lachnospiraceae;g__Choladousia",0.0173924255993884,0.0188071771101076,0.113287386161772,0.101319371462107,0.0667205500110432,0.116551695688449,0.0532923890107859,0.252783804861262,0.0676323516246859,0.0665259313398478,0.0307928600694952,0.108271793160298,0.0350723916368057,0.0852139869764657,0.0743422626164237,0.0805337584885957
"t__d__Bacteria;p__Firmicutes_A;c__Clostridia;o__Lachnospirales;f__Lachnospiraceae;g__Choladousia;s__Choladousia sp902363135",0.075346589274996,0.10717692748345,0.121349752735463,0.200145007557462,0.0337038372703935,0.0607124815136443,0.134458208418379,0.216207509026203,0.13415014270818,0.164892434261183,0.0596257465291112,0.18839223548863,0.0881306732787462,0.199078279221837,0.1470894760247,0.128697286719492
"t__d__Bacteria;p__Firmicutes_A;c__Clostridia;o__Lachnospirales;f__Lachnospiraceae;g__Clostridium_AP;s__Clostridium_AP sp000509125",0.015712007231765,0.0212342772957845,0.128572951806717,0.0473657453761385,0.0633559698860788,0.196416972301805,0.0242150194375619,0.224398142222395,0.0593613204833213,0.0507689132365409,0.151737024081862,0.0608440729948907,0.0434211528985678,0.0700580760274592,0.0646778707406616,0.0814759677347699
"t__d__Bacteria;p__Firmicutes_A;c__Clostridia;o__Lachnospirales;f__Lachnospiraceae;g__Clostridium_Q;s__Clostridium_Q sp009911305",0,0.0167053083997791,0.0635962369600933,0.109370996021835,0.0392394499810162,0.0167610668052108,0.0437334372003988,0.177508927674912,0.0181447801496827,0.162600258932091,0.148372012160795,0.116907777417642,0.0189040431042831,0.0505862204324337,0.104629372089077,0.0724706591552833
"t__d__Bacteria;p__Firmicutes_A;c__Clostridia;o__Lachnospirales;f__Lachnospiraceae;g__Clostridium_Q;s__Clostridium_Q sp900547735",0.0320838275018258,0.0271760365640001,0.102027852954158,0.0781820915174148,0.027302203544208,0.0302684503612324,0.0263637620307825,0.182989755009866,0.0242183116312803,0.0750393623699719,0.0270692389995886,0.0927652102263366,0.0255310285462942,0.0982945042167573,0.0529458590376756,0.0601504996340928
"t__d__Bacteria;p__Firmicutes_A;c__Clostridia;o__Lachnospirales;f__Lachnospiraceae;g__Clostridium_Q;s__Clostridium_Q symbiosum",0.0598087717456937,0.0211140792094849,0.12266760956202,0.0528819317157848,0.0991571341407022,0.140967723123498,0.0237519829243673,0.167573964984847,0.0937170167726541,0.0517783123869098,0.0894395450315981,0.112222931257419,0.191846081737021,0.0266128380314246,0.0776624079042051,0.0887468220351753
"t__d__Bacteria;p__Firmicutes_A;c__Clostridia;o__Lachnospirales;f__Lachnospiraceae;g__COE1",0.167500667557044,0.0487311624919105,0.174234312563226,0.238311967289335,0.0644208073749696,0.176737918575585,0.0643557161914379,0.291108879076855,0.251413752925396,0.237555427686088,0.17290277145619,0.1993518314037,0.128897713746679,0.0890827244647553,0.280749832229925,0.17235703233554
"t__d__Bacteria;p__Firmicutes_A;c__Clostridia;o__Lachnospirales;f__Lachnospiraceae;g__COE1;s__COE1 sp001916965",0.169862846525088,0.073269077551549,0.167862926242946,0.29191905440556,0.133053319526756,0.367122508345249,0.0822950222142973,0.3244219452708,0.425794681694556,0.228043292599992,0.182583806885975,0.199203551514739,0.203790192316505,0.160089062600835,0.361665890114553,0.22473181185396
"t__d__Bacteria;p__Firmicutes_A;c__Clostridia;o__Lachnospirales;f__Lachnospiraceae;g__Coprococcus;s__Coprococcus eutactus",0.0488450646698609,0.0344815956734859,0.153185051708751,0.0722039930721114,0.0874978220150703,0.0795809253322395,0.0559702729797276,0.186891827333418,0.0538537386349244,0.0954919265696638,0.0699299306684191,0.00950429274417154,0.0693735434621479,0.0532528310419746,0.0523590852935386,0.0748281267466336
"t__d__Bacteria;p__Firmicutes_A;c__Clostridia;o__Lachnospirales;f__Lachnospiraceae;g__Coprococcus;s__Coprococcus sp000433075",0.0631190138002022,0.0363393830770859,0.197032329842871,0.027623072928206,0.0448745881754946,0.0314125898800211,0.0254660173800424,0.116550179025458,0.121103459216627,0.0400901123230746,0.0785082814132964,0.036580010571241,0.0411075330064854,0.066840808132525,0.0876583949021027,0.0676203849116488
"t__d__Bacteria;p__Firmicutes_A;c__Clostridia;o__Lachnospirales;f__Lachnospiraceae;g__Coprococcus;s__Coprococcus sp002437435",0.0559731733575178,0.0385530399898146,0.0172733032852477,0.0735574143381251,0.0336423408224749,0.0075398647569068,0.043820629347182,0.134022472662463,0.048573841861942,0.0196148725282483,0.098290987823315,0.117835692883495,0.0534795439304015,0.049353784369561,0.0891922310238368,0.0587148795320354
"t__d__Bacteria;p__Firmicutes_A;c__Clostridia;o__Lachnospirales;f__Lachnospiraceae;g__Coprococcus;s__Coprococcus sp900548315",0.0441264086193418,0.048576816381342,0.0638562939556693,0.0295783691124173,0.0211593681271929,0.0765379614353741,0.00425977091273195,0.186619920617795,0.0214335032027816,0.108123396725873,0.234173516328481,0.0569957109576449,0.0578624702986802,0.0729735438235795,0.180617596278049,0.0804596431184636
"t__d__Bacteria;p__Firmicutes_A;c__Clostridia;o__Lachnospirales;f__Lachnospiraceae;g__Coprococcus;s__Coprococcus sp900557435",0.0916792839922769,0.0939553171027414,0.0760434888025603,0.0456321313281089,0.220756268552246,0.0475341203480553,0.0323328596286596,0.224042186336582,0.0838556323290501,0.115797937601743,0.067315478258149,0.422661294915336,0.0528961889367775,0.0817942809725507,0.118660307782482,0.118330451792488
"t__d__Bacteria;p__Firmicutes_A;c__Clostridia;o__Lachnospirales;f__Lachnospiraceae;g__Coprococcus;s__Coprococcus sp900761435",0.0236270828034262,0.00755882028892352,0.036523319015733,0.00927539472637878,0.113676499979553,0.0188514032951535,0.0558684268068239,0.187139892247042,0.104109291280804,0.0311253016644068,0.108939592618806,0.0751817439040068,0.0448711238885492,0.138876300500822,0.131243386334013,0.0724578386236294
"t__d__Bacteria;p__Firmicutes_A;c__Clostridia;o__Lachnospirales;f__Lachnospiraceae;g__Copromonas;s__Copromonas faecavium",0.0242887412373392,0,0.0831962930793337,0.0636114418731404,0.0156452457434755,0.117458996217476,0.0300353109185735,0.174985297171977,0.0174422144731886,0.0175037166309053,0.0641312961498122,0.0648091404704594,0.0168991093711185,0.0233747302470806,0.102568348284713,0.0543966587912395
"t__d__Bacteria;p__Firmicutes_A;c__Clostridia;o__Lachnospirales;f__Lachnospiraceae;g__Copromonas;s__Copromonas sp009917545",0.0329411101969345,0.00288149551299209,0.126526932428419,0.0165926505660776,0.027349795691111,0.0608134485380899,0.0373711438292614,0.228815058407217,0.0671746995674702,0.0189167770880877,0.0386977549450003,0.0280629295059638,0.0310627513979912,0.0942946474755,0.101879590123252,0.0608920523515578
"t__d__Bacteria;p__Firmicutes_A;c__Clostridia;o__Lachnospirales;f__Lachnospiraceae;g__Copromonas;s__Copromonas sp900541255",0.035763743266489,0.0275646081355025,0.0867063338287139,0.137864347838554,0.0348406274753714,0.0659912582305787,0.0221674630517503,0.293126687651616,0.0439568756077995,0.0689051735149183,0.0216981557756143,0.099970799739178,0.0879593311381424,0.0392107224520439,0.0753777331313593,0.0760735907225088
"t__d__Bacteria;p__Firmicutes_A;c__Clostridia;o__Lachnospirales;f__Lachnospiraceae;g__Dorea_A",0.0379626409474501,0.04875319412538,0.166103788694795,0.122191208005489,0.0406354555340464,0.0866858122870998,0.0607552268312329,0.197766967563179,0.1201945093523,0.0892001432038345,0.0372403201415961,0.124970231201859,0.0681212642268744,0.0848834829408981,0.11725904301587,0.0935148858714603
"t__d__Bacteria;p__Firmicutes_A;c__Clostridia;o__Lachnospirales;f__Lachnospiraceae;g__Dorea_A;s__Dorea_A longicatena",0.0965198215881608,0.0219925770634015,0.143128528757966,0.238404452018244,0.0659392974110966,0.0780951615022123,0.0866329267274977,0.189799726409623,0.0661742312787952,0.165884186443725,0.179378347017745,0.187098751520593,0.081409893225189,0.0985603542033059,0.153457924780595,0.123498411996543
"t__d__Bacteria;p__Firmicutes_A;c__Clostridia;o__Lachnospirales;f__Lachnospiraceae;g__Egerieimonas",0.0316632808407169,0.00383473834784142,0.0741781483665838,0.0808838667554252,0.0360273318839778,0.0405381058335286,0.0603746308922746,0.0909522228732654,0.0777578103803534,0.0862089784342968,0.0687892944164897,0.101633181924076,0.0515481684511881,0.118867137805029,0.0892850250888527,0.0675027948195933
"t__d__Bacteria;p__Firmicutes_A;c__Clostridia;o__Lachnospirales;f__Lachnospiraceae;g__Eisenbergiella",0.0973937149281981,0.060417818317119,0.0652960002173576,0.0307179248879486,0.0293351327714467,0.067331166748979,0.0367686036931331,0.244768044888447,0.0246797279659153,0.0355680991851442,0.0735834905352532,0.0765334461940648,0.0575861161412376,0.0927336108432511,0.0455071593264403,0.0692146704429291
"t__d__Bacteria;p__Firmicutes_A;c__Clostridia;o__Lachnospirales;f__Lachnospiraceae;g__Eisenbergiella;s__Eisenbergiella intestinigallinarum",0.0558487874427689,0.0486824104450695,0.109248991498872,0.175273194713537,0.073238956537009,0.0547928856860401,0.0228114957204456,0.250176631410932,0.0162487855292378,0.0512415016413512,0.048084804162819,0.057400342838181,0.0362741492264784,0.10352872544512,0.0605556810681135,0.0775604895577317
"t__d__Bacteria;p__Firmicutes_A;c__Clostridia;o__Lachnospirales;f__Lachnospiraceae;g__Eisenbergiella;s__Eisenbergiella merdavium",0.0463358105463695,0.0561483965946822,0.125516471772893,0.139430082578353,0.0227834945821446,0.0809597723219642,0.0598071158201983,0.261204964405142,0.0528242361341869,0.0237440631744253,0.0806491223580677,0.0609179094430489,0.0943799718404083,0.244744866594703,0.101645299181022,0.0967394384898406
"t__d__Bacteria;p__Firmicutes_A;c__Clostridia;o__Lachnospirales;f__Lachnospiraceae;g__Eisenbergiella;s__Eisenbergiella porci",0.0605665375437599,0.025781101516863,0.0923793234277081,0.0533894729106838,0.127155230102806,0.14742308684122,0.0489851454059353,0.322100555338722,0.0612363320670351,0.0619497687200712,0.134298714472327,0.0573197834105166,0.0239911933955368,0.0134199657427318,0.172425163846544,0.093494758316164
"t__d__Bacteria;p__Firmicutes_A;c__Clostridia;o__Lachnospirales;f__Lachnospiraceae;g__Eisenbergiella;s__Eisenbergiella sp900555195",0.0632166451826109,0.0241473634714853,0.0515107855076808,0.123673929584178,0.0437137163380754,0.0751160689864252,0.0963466303574141,0.273150566081442,0.0436739967923951,0.134258690877118,0.13389602066346,0.31230929116949,0.0691373472741474,0.115054042393117,0.157071199920217,0.11441841963995
"t__d__Bacteria;p__Firmicutes_A;c__Clostridia;o__Lachnospirales;f__Lachnospiraceae;g__Eisenbergiella;s__Eisenbergiella sp904392525",0.0227157635318223,0.0118604275737592,0.174311166456552,0.0435475192689494,0.0360106845710829,0.041141021707983,0.0177597333414324,0.178597177163096,0.0226428721134238,0.0395258080301399,0.0876874408575804,0.0608000436323642,0.0719371847339894,0.0377469428587231,0.00809655774628559,0.0569586895724789
"t__d__Bacteria;p__Firmicutes_A;c__Clostridia;o__Lachnospirales;f__Lachnospiraceae;g__Eisenbergiella;s__Eisenbergiella tayi",0.0354353998147532,0.0178945520915772,0.302993003844086,0.133851089578596,0.0798370283871923,0.13374721775078,0.104895756667156,0.323519410002099,0.0828323252259514,0.113068368268796,0.0202439139044401,0.0438978226963914,0.213937476157316,0.100347587310448,0.128644585797979,0.122343035833171
"t__d__Bacteria;p__Firmicutes_A;c__Clostridia;o__Lachnospirales;f__Lachnospiraceae;g__Enterocloster;s__Enterocloster asparagiformis",0.0612948317962452,0.0114322966153044,0.0584082876278927,0.0717247315234174,0.0554814704949214,0.0379633611395157,0.0708486200683739,0.109730405051369,0.0832593163297632,0.0341532193456625,0.113337306719432,0.104194421069634,0.0413400280745798,0.0568711446676643,0.124575276810535,0.0689743144889541
"t__d__Bacteria;p__Firmicutes_A;c__Clostridia;o__Lachnospirales;f__Lachnospiraceae;g__Enterocloster;s__Enterocloster excrementipullorum",0.0564236633513384,0.00314344965053683,0.0807581854089826,0.0717898979475563,0.0601827528726676,0.0732638682660134,0.022412948494682,0.0344113656126491,0.042083914695536,0.0182726530312154,0,0.0515042960745234,0.0162228410554578,0.00344972060563166,0.0993324159169224,0.0422167981989142
"t__d__Bacteria;p__Firmicutes_A;c__Clostridia;o__Lachnospirales;f__Lachnospiraceae;g__Enterocloster;s__Enterocloster faecavium",0.0302555997509848,0.0411576915273538,0.373836326174,0.223143431093703,0.0655582224582744,0,0.112693120296989,0.248321412182019,0.161531292409365,0.0793663747323231,0.0447753765023296,0.178702912903696,0.0676120361190655,0.0731481894000154,0.188011631337201,0.125874241125821
"t__d__Bacteria;p__Firmicutes_A;c__Clostridia;o__Lachnospirales;f__Lachnospiraceae;g__Enterocloster;s__Enterocloster porci",0.0669442556893271,0.0259912909862512,0.0232732816707194,0.0184182838138093,0.0630354908795605,0.0841127220231088,0.0825593818510789,0.0847181111268284,0.0495539910442196,0.124676599231781,0.0832093723669378,0.252886778836759,0.0962202496241142,0.0743946339931825,0.111625136877296,0.0827746386676649
"t__d__Bacteria;p__Firmicutes_A;c__Clostridia;o__Lachnospirales;f__Lachnospiraceae;g__Enterocloster;s__Enterocloster sp001517625",0.0617946794184568,0.0420342659088195,0.22431813471749,0.0530608876377549,0.0670309400990259,0.0262396635654666,0.00405931110507398,0.185799107271689,0.0399166804303259,0.0334764405129125,0.0486694254173788,0.0456985504299782,0.0284309128132646,0.0801985657987208,0.0515752076516605,0.0661535181852012
"t__d__Bacteria;p__Firmicutes_A;c__Clostridia;o__Lachnospirales;f__Lachnospiraceae;g__Enterocloster;s__Enterocloster sp900555905",0.038090077353751,0.0238015072025186,0.0168231074520246,0.0261397487743402,0.0443733058745499,0.0674648155209012,0.021975037922212,0.121892087189749,0.0144470208992336,0.0723662550666488,0.0532844342940237,0.034095477854295,0.104823008000705,0.0975536896146996,0.199396960958882,0.0624351022652356
"t__d__Bacteria;p__Firmicutes_A;c__Clostridia;o__Lachnospirales;f__Lachnospiraceae;g__Eubacterium_F",0.0702979710408432,0.0256424700735134,0.0527545951584184,0.059788806784056,0.0510896933584543,0.0535877167943991,0.00390506118814236,0.317595701144668,0.0180765666904734,0.115210445972688,0.0693047928931447,0.102917355244308,0.102786838997336,0.0733017339985516,0.120529356255883,0.0824526070396586
"t__d__Bacteria;p__Firmicutes_A;c__Clostridia;o__Lachnospirales;f__Lachnospiraceae;g__Eubacterium_F;s__Eubacterium_F sp000433735",0.043051951480429,0.0329096472629502,0.075579245777658,0.0634130438660114,0.0695528045518816,0.00490461001223674,0.0458895829958447,0.231642203123993,0.0771878854156968,0.00688012299212829,0.0511745132853435,0.0116163577984319,0.0238897481397467,0.0754799823423125,0.0314405132679838,0.0563074808208432
"t__d__Bacteria;p__Firmicutes_A;c__Clostridia;o__Lachnospirales;f__Lachnospiraceae;g__Eubacterium_F;s__Eubacterium_F sp002431395",0.0276459155817918,0.0193789535163544,0.0930507817486978,0.023752160241435,0.00557414291420669,0.0155434710817666,0.034831410790938,0.141757571362859,0.0220776467146036,0.0473465130336509,0.0234540063020102,0.038659612072186,0.0260762789697696,0.0554548481928211,0.0941091465800176,0.0445808306068739
"t__d__Bacteria;p__Firmicutes_A;c__Clostridia;o__Lachnospirales;f__Lachnospiraceae;g__Eubacterium_F;s__Eubacterium_F sp900539115",0.00621403865612159,0.00869921942485782,0.0669412034337896,0.0744517760409648,0.0146802035445531,0.0341254179188102,0.0255779698994159,0.0788676265135731,0.0293942480839347,0.0962890291880582,0.0389346514978603,0.0282030146886037,0.0155921638622011,0.0832701346909993,0.228842275198362,0.055338864842807
"t__d__Bacteria;p__Firmicutes_A;c__Clostridia;o__Lachnospirales;f__Lachnospiraceae;g__Eubacterium_G;s__Eubacterium_G sp000435815",0.0228545548444389,0.0105850855579301,0.276953317518241,0.105312980241661,0.0362314480692429,0.026344573680464,0.00739854948000813,0.142008063898912,0.0650629160936496,0.0816091655996879,0.0892584277721239,0.0446254315618459,0.0512330396933964,0.085354319156483,0.156888820769463,0.0801147129291699
"t__d__Bacteria;p__Firmicutes_A;c__Clostridia;o__Lachnospirales;f__Lachnospiraceae;g__Eubacterium_I;s__Eubacterium_I avistercoris",0.0401245113734616,0.0531904234800216,0.0874880620572803,0,0.048808631844433,0.022294337570329,0.0353769255686786,0.175759181614869,0.192856451464136,0.0773962426698606,0.0307575349826866,0.0954810439489874,0.115495101595911,0.0967759872809618,0.0923744866531325,0.0776119281403166
"t__d__Bacteria;p__Firmicutes_A;c__Clostridia;o__Lachnospirales;f__Lachnospiraceae;g__Eubacterium_I;s__Eubacterium_I ramulus_A",0.0671069073438648,0.0312817337591492,0.0678081450802237,0.0176674185264358,0.0354364478258073,0.126362306426616,0.0505825999562456,0.275848372669795,0.0348993378461867,0.0913236719935581,0.0288697477494658,0.0589428631333737,0.0320623369477147,0.0399891872957707,0.0528374293666544,0.0674012337280574
"t__d__Bacteria;p__Firmicutes_A;c__Clostridia;o__Lachnospirales;f__Lachnospiraceae;g__Eubacterium_J;s__Eubacterium_J sp910574915",0.0713370989313418,0.0789052102521958,0.247780077532711,0.0986951805151359,0.0832446061032773,0.111415832162545,0.110786090478952,0.135259885496245,0.048109912115239,0.168330438155712,0.145004090067863,0.125870156810958,0.133169579275705,0.130033529964071,0.148392409726179,0.122422273172542
"t__d__Bacteria;p__Firmicutes_A;c__Clostridia;o__Lachnospirales;f__Lachnospiraceae;g__Eubacterium_J;s__Eubacterium_J sp910580075",0.053123592955627,0.0654931658505768,0.200555608606152,0.0471537748039372,0.0254210805367524,0.0747307747678321,0.0415311874386338,0.220584335641027,0.0647288051220625,0.157389789363012,0.211435664068182,0.106242388149034,0.0866281794079675,0.228903958918564,0.192452680857919,0.118424999099152
"t__d__Bacteria;p__Firmicutes_A;c__Clostridia;o__Lachnospirales;f__Lachnospiraceae;g__Eubacterium_J;s__Eubacterium_J sp910584345",0.0492582739687358,0.00785459228026222,0.159180399463132,0.110090595394205,0.0727571110321173,0.165759473380541,0.0918404361755574,0.369807766091864,0.114000046731759,0.14195550889833,0.18178684581089,0.179762282034585,0.123875333440004,0.11821806615133,0.13103048676909,0.134478481174827
"t__d__Bacteria;p__Firmicutes_A;c__Clostridia;o__Lachnospirales;f__Lachnospiraceae;g__Extibacter",0.0503068340800824,0.018068574237228,0.251792499805392,0.041329558949206,0.0258317876090266,0.0485101312342437,0.0357194048977577,0.141754509410712,0.0576263757537971,0.0823767641037427,0.0190565659486606,0.0848244384796156,0.110585174873986,0.0972114130216315,0.170127816500609,0.0823414565937128
"t__d__Bacteria;p__Firmicutes_A;c__Clostridia;o__Lachnospirales;f__Lachnospiraceae;g__Faecalimonas;s__Faecalimonas phoceensis",0.0758823870681248,0.0492048693693772,0.108552876796755,0.190478593853103,0.054602399553763,0.275029414728163,0.110844254944067,0.180757451457708,0.173316044704126,0.157064677832443,0.220744320796183,0.168159915219726,0.0361674864258822,0.159248099271792,0.145805741771157,0.140390568919491
"t__d__Bacteria;p__Firmicutes_A;c__Clostridia;o__Lachnospirales;f__Lachnospiraceae;g__Falcatimonas",0.0520712117242757,0.0244806240644587,0.0375156142412917,0.0263531251347536,0.0792406867748875,0.051906791965996,0.0206411039317904,0.0896113740365421,0.143218198059721,0.0757805048504021,0.0700858856497151,0.0613146436629557,0.117174660851919,0.0525064267440072,0.108993703339332,0.0673929703354699
"t__d__Bacteria;p__Firmicutes_A;c__Clostridia;o__Lachnospirales;f__Lachnospiraceae;g__Falcatimonas;s__Falcatimonas sp018918265",0.0536009269023536,0.0143617395409447,0.104034194647344,0.0350800185164326,0.059908462824434,0.0881923265824973,0.0395092268615486,0.270890901619203,0.0548609059723765,0.0584117511222094,0.0231087727587024,0.0684737574295072,0.0836510250382613,0.0545572757692627,0.0864040164498017,0.0730030201356586
"t__d__Bacteria;p__Firmicutes_A;c__Clostridia;o__Lachnospirales;f__Lachnospiraceae;g__Fimousia;s__Fimousia stercorigallinarum",0.0347124673020028,0.0139920543820692,0.0983030484785195,0.0118822050089558,0.0182425800962072,0.0648669151576803,0.0320718949606393,0.135497929042929,0.0167831860031121,0.0533155859201736,0.0478848095738931,0.0997935755543086,0.115160078701597,0.0360056242615425,0.0439686345978382,0.0548320392694312
"t__d__Bacteria;p__Firmicutes_A;c__Clostridia;o__Lachnospirales;f__Lachnospiraceae;g__Frisingicoccus;s__Frisingicoccus sp900549105",0.0539795937514914,0.0269556709506644,0.0586598078487403,0.0632341091227455,0.130490707133682,0.104579105177772,0.0462337820566946,0.281745832820777,0.0404481526837938,0.131628116843221,0.147984925589365,0.14251675968435,0.0334225223881043,0.171248971983911,0.0383941072615215,0.0981014776864556
"t__d__Bacteria;p__Firmicutes_A;c__Clostridia;o__Lachnospirales;f__Lachnospiraceae;g__Fusicatenibacter;s__Fusicatenibacter merdavium",0.049424377943563,0.0416193370732245,0.178639872529306,0.156259321868811,0.0774647393464063,0.249633141145544,0.0314297354057387,0.209542683460197,0.0608276246214628,0.0635146395943985,0.12347365390331,0.214885851185867,0.160549813846537,0.12320265163311,0.168076001232908,0.127236229652692
"t__d__Bacteria;p__Firmicutes_A;c__Clostridia;o__Lachnospirales;f__Lachnospiraceae;g__Fusicatenibacter;s__Fusicatenibacter sp017887445",0.0301884741468311,0.0171623719684961,0.0610612300240871,0.0128554614202049,0.0140492342026775,0.00694819751733538,0.020093147779364,0.181732219681469,0.0775878381465975,0.0585049594472662,0.0988824044003212,0.0521637866233526,0.0775869692318377,0.0657478000571518,0.0737669773080194,0.0565554047970008
"t__d__Bacteria;p__Firmicutes_A;c__Clostridia;o__Lachnospirales;f__Lachnospiraceae;g__GCA-900066755;s__GCA-900066755 sp902363085",0.0191841329611186,0.00439085030551176,0.0851606731206516,0.0462514519083888,0.0502256099086503,0.0364073677552706,0.0664239645883412,0.248535863223991,0.0508139164309494,0.0353495657037698,0.0448489891846066,0.0627898067638489,0.0279292695649069,0.100188218402579,0.10148030634005,0.065331999077509
"t__d__Bacteria;p__Firmicutes_A;c__Clostridia;o__Lachnospirales;f__Lachnospiraceae;g__HGM12587",0.0757604479996048,0.136997026168943,0.36369178777431,0.0358706317393002,0.0896327584828941,0.28565265001273,0.0588691823141275,0.392764280813126,0.0851740755091165,0.191615363141005,0.0995656380876525,0.0538802456532369,0.222916785798651,0.0600783846423704,0.129982854553613,0.152163474179379
"t__d__Bacteria;p__Firmicutes_A;c__Clostridia;o__Lachnospirales;f__Lachnospiraceae;g__HGM12587;s__HGM12587 sp900766915",0.0452207646189392,0.13780998246427,0.265122418257044,0.121379877665012,0.0746687245907789,0.11378935949575,0.0952321861090626,0.37110368158609,0.112450744673999,0.269182057947909,0.0836126555746625,0.245797631515677,0.330617113906161,0.227661911220134,0.108679137437894,0.173488549804226
"t__d__Bacteria;p__Firmicutes_A;c__Clostridia;o__Lachnospirales;f__Lachnospiraceae;g__Hungatella",0.100190333627683,0.0250764034984709,0.0291805881653756,0.0839109857267048,0.0464855765289413,0.0922485755376411,0,0.355481779739032,0.026162645048397,0.0557403535450397,0.0540592746444617,0.0349306966112721,0.0636268029969671,0.0332486748526285,0.165136440116499,0.0776986087092742
"t__d__Bacteria;p__Firmicutes_A;c__Clostridia;o__Lachnospirales;f__Lachnospiraceae;g__Hungatella_A",0.0923691964206401,0.0157238279484466,0.0338438105224432,0.0642248552231079,0.0853291096009481,0.180611191023381,0.0438068795052933,0.0552763904900957,0.0744258396760434,0.0486933505713894,0.0873565312134208,0.108230564279383,0.2208282979291,0.0805896150444117,0.10624082671818,0.0865033524110856
"t__d__Bacteria;p__Firmicutes_A;c__Clostridia;o__Lachnospirales;f__Lachnospiraceae;g__Hungatella_A;s__Hungatella_A hathewayi_A",0.088113229118137,0.00377404038164225,0.153313017797657,0.0624678112538218,0.0409167792095132,0.243138108054048,0.0668113397481838,0.218432668510062,0.117145365021809,0.0239036684192916,0.120339373876428,0.0578531229627829,0.0922632464238609,0.117533781751875,0.0870351212325679,0.0995360449174454
"t__d__Bacteria;p__Firmicutes_A;c__Clostridia;o__Lachnospirales;f__Lachnospiraceae;g__Hungatella;s__Hungatella effluvii",0.0718839132198919,0.0241167698506616,0.142416453234167,0.0729088961154074,0.0618407795068126,0.121755448181731,0.0219501489227553,0.220150517898073,0.0555985068919065,0.063198118556881,0.0867619195469273,0.0808066197001666,0.024274739840048,0.0783771897349317,0.0764451749680751,0.0801656797445623
"t__d__Bacteria;p__Firmicutes_A;c__Clostridia;o__Lachnospirales;f__Lachnospiraceae;g__Hungatella;s__Hungatella sp005845265",0.0980991944745584,0.00621585720861906,0.0746591005333086,0.0390212382178553,0.0789052930935633,0.0941993214549453,0.0277139503222095,0.101014662400762,0.0479285246991493,0.0526329154823365,0.0546906580920053,0.155882086934775,0.0267175274473942,0.136779694568143,0.152552966477907,0.0764675327605022
"t__d__Bacteria;p__Firmicutes_A;c__Clostridia;o__Lachnospirales;f__Lachnospiraceae;g__JAGTTR01",0.0588120528349129,0,0.0759386317476816,0.0907689851078613,0.0378714288715199,0.108179772181646,0.0252960609979042,0.156814749587617,0.0632671604427525,0.138939222874345,0.114333715996152,0.0231567455149542,0.0826789373947826,0.0544938185531226,0.0541383541208984,0.0723126424150767
"t__d__Bacteria;p__Firmicutes_A;c__Clostridia;o__Lachnospirales;f__Lachnospiraceae;g__JAGTTR01;s__JAGTTR01 sp018223385",0.0352538933139206,0.0160959741104053,0.0379039731784566,0.0337180852856689,0.0327442102444534,0.0339696616864689,0,0.169289207160437,0.0591442492841624,0.0263806776737153,0.032848420309808,0.127163702912872,0.0407670462330672,0.125776362740204,0.0868214894535144,0.0571917969058102
"t__d__Bacteria;p__Firmicutes_A;c__Clostridia;o__Lachnospirales;f__Lachnospiraceae;g__KM106-2",0.0183778842376827,0.0420960335551678,0.241675565539843,0.0496322918617651,0.0397279302631743,0.141083995095729,0.0378525861903946,0.316033353320158,0.0207380284906242,0.15040159191999,0.170450561691126,0.143172319958295,0.100806951784565,0.15989270989934,0.216484360077175,0.123228410925669
"t__d__Bacteria;p__Firmicutes_A;c__Clostridia;o__Lachnospirales;f__Lachnospiraceae;g__KM106-2;s__KM106-2 sp009731425",0.0656039633098175,0.0760125874970348,0.0977077437235291,0.0718780842076573,0.0791296153563684,0.132129080288427,0.0776089244165556,0.0680122983725659,0.16421653651478,0.133886399889245,0.0735618700642363,0.049888683857162,0.153919380397792,0.0728048153429673,0.257024296181917,0.10489228529467
"t__d__Bacteria;p__Firmicutes_A;c__Clostridia;o__Lachnospirales;f__Lachnospiraceae;g__Lachnoanaerobaculum;s__Lachnoanaerobaculum gingivalis",0.0267378091368488,0.0147769000666261,0.206063645196941,0.0189665426254677,0.00947814278455994,0.0910668636317879,0.0150380652137705,0.242275833270241,0.0356749214137145,0.053523467953781,0.0480189944163332,0.0254057056046124,0.0587101995757577,0.025968486656532,0.0380352738933035,0.0606493900960185
"t__d__Bacteria;p__Firmicutes_A;c__Clostridia;o__Lachnospirales;f__Lachnospiraceae;g__Lachnobacterium",0.0176416828862379,0.0651940763377555,0.261695963382479,0.0364422305236906,0.133572206051502,0.0479547580899777,0.0335739785345114,0.303306484543737,0.0615001576526535,0.17987641878771,0.0340698685409225,0.169687702967762,0.0526115250204395,0.151427254169538,0.0831405373425087,0.108779656322095
"t__d__Bacteria;p__Firmicutes_A;c__Clostridia;o__Lachnospirales;f__Lachnospiraceae;g__Lachnoclostridium",0.0248779398408113,0.0335530689958179,0.339166335204711,0.0558704045593776,0.0671792733656464,0.0374828744991654,0.083033579261043,0.21885327884299,0.308637548628254,0.0976429582817229,0.0713705887580775,0.116474177627353,0.0578487381285262,0.0639655644866424,0.119245812650084,0.113013476208682
"t__d__Bacteria;p__Firmicutes_A;c__Clostridia;o__Lachnospirales;f__Lachnospiraceae;g__Lachnoclostridium_B",0.0103912535305144,0.0271720146101622,0.15701648636957,0.0393836204651798,0.0240276521305566,0.00668810456214101,0.0208516749927304,0.0858768534028544,0,0.0527838684890158,0.0292637270184105,0.062661940434502,0.0171051556017356,0.0135401648376931,0.0340135721784454,0.0387184059082341
"t__d__Bacteria;p__Firmicutes_A;c__Clostridia;o__Lachnospirales;f__Lachnospiraceae;g__Lachnoclostridium_B;s__Lachnoclostridium_B faecipullorum",0.0680537859040479,0.0382524808789293,0.0264077720953625,0.0612519644784139,0.0753908361572515,0.0782730123454699,0.023682354096089,0.169594001184157,0.0571655222849706,0.0636258091931809,0.0384749635922613,0.115971241982263,0.0497433314773062,0.0595970529080797,0.0756119249702856,0.0667397369032046
"t__d__Bacteria;p__Firmicutes_A;c__Clostridia;o__Lachnospirales;f__Lachnospiraceae;g__Lachnoclostridium_B;s__Lachnoclostridium_B massiliensis_A",0.0123256654308318,0.0262057889599213,0.0373160450001318,0.0400717503112945,0.0573888003559034,0.0621697636724154,0.0156638570362263,0.0879508914890551,0.0953642510590019,0,0.0181985943449124,0.0744471885509091,0.040140825030012,0.128284384877591,0.100572683703034,0.0530733659880827
"t__d__Bacteria;p__Firmicutes_A;c__Clostridia;o__Lachnospirales;f__Lachnospiraceae;g__Lachnoclostridium_B;s__Lachnoclostridium_B phocaeense",0.0375603508384969,0.0143381959658296,0.133096564468815,0.0118175399476826,0.0808643161194422,0.0422184801156509,0.0287086537111707,0.245981155206155,0.0329087098692233,0.0639594934421981,0.0614536082652134,0.0605893226733439,0.0511427113210516,0.0484051705533295,0.08363561300549,0.0664453257002062
"t__d__Bacteria;p__Firmicutes_A;c__Clostridia;o__Lachnospirales;f__Lachnospiraceae;g__Lachnoclostridium_B;s__Lachnoclostridium_B sp910574185",0.0282021013303329,0.0232681893559321,0.135294383392095,0.119335077288686,0.0333457458781962,0.00225870197931954,0,0.309429087379115,0.0765372290507451,0.0338017214921953,0.0440785352271132,0.0829749086727339,0.0611071401767581,0.087747017298288,0.0215202092496824,0.0705933365180796
"t__d__Bacteria;p__Firmicutes_A;c__Clostridia;o__Lachnospirales;f__Lachnospiraceae;g__Lachnoclostridium_B;s__Lachnoclostridium_B stercoravium",0.0115408303745811,0.019541750404045,0.0261597251459558,0.0439812107575764,0.155654757291873,0,0.0151610917686584,0.182062935282927,0.0327424604204801,0.107078895158201,0.078782719968513,0.0588563620490685,0.00740029812936063,0.0166204211462607,0.0584877742078613,0.0542714154736908
"t__d__Bacteria;p__Firmicutes_A;c__Clostridia;o__Lachnospirales;f__Lachnospiraceae;g__Lachnoclostridium;s__Lachnoclostridium sp905192625",0.0274671683945199,0.0156887302288587,0.106980512617603,0.0502323717903438,0.0653371053985207,0.0936730005182238,0.0934716294467385,0.301795474034788,0.11951243954731,0.126457131469246,0.112425894748505,0.136055926171384,0.112463634352387,0.227677086839809,0.153503870417042,0.116182798398352
"t__d__Bacteria;p__Firmicutes_A;c__Clostridia;o__Lachnospirales;f__Lachnospiraceae;g__Lachnospira",0.236831024734959,0.203670402582184,0.224268054711151,0.344723257785942,0.111008734647405,0.324994906219806,0.11165366320309,0.305401389447783,0.307516597193682,0.49409625547751,0.17588222466006,0.102222803331353,0.100802693394693,0.153686317980097,0.415222833123231,0.24079874389953
"t__d__Bacteria;p__Firmicutes_A;c__Clostridia;o__Lachnospirales;f__Lachnospiraceae;g__Lachnospira;s__Lachnospira eligens",0.0315308621618282,0,0.0859727160925537,0.138796613697578,0.0553994024178188,0.0986792661489017,0.0511914884793011,0.301500932869968,0.0868107267148356,0.199103660664764,0.048365860123171,0.0440965775577546,0.0415641287706939,0.106356630261246,0.0416290211285639,0.0887331924725986
"t__d__Bacteria;p__Firmicutes_A;c__Clostridia;o__Lachnospirales;f__Lachnospiraceae;g__Lachnospira;s__Lachnospira eligens_A",0.0106221532004164,0.0190879395932304,0.0483237096741041,0.0885262646109832,0.027738783731118,0.0606820005470238,0.0220075853059463,0.145080112017813,0.0995010905071752,0.109028866490373,0.036401021329854,0.177705516816795,0.0445181687849871,0.0202370827943969,0.0583614309240194,0.0645214484218825
"t__d__Bacteria;p__Firmicutes_A;c__Clostridia;o__Lachnospirales;f__Lachnospiraceae;g__Lachnospira;s__Lachnospira multipara_A",0.0455973547712416,0.092517159270642,0.128371561048422,0.156528071334272,0.0801554938577161,0.0670816753479018,0.0334598536669998,0.20009532856881,0.0917622676311087,0.0709963846893744,0.0861258411966161,0.130676349294665,0.166103012216612,0.147741289931877,0.115678894220887,0.107526035803143
"t__d__Bacteria;p__Firmicutes_A;c__Clostridia;o__Lachnospirales;f__Lachnospiraceae;g__Lachnospira;s__Lachnospira rogosae_A",0.0194863149981642,0.180737790592386,0.121975825099676,0.0772787105845335,0.0896687627061094,0.143106875562744,0.0416327375205518,0.273415108349947,0.141740108784853,0.103427652856985,0.196436184123043,0.234059927548106,0.0419882470243316,0.185962865023932,0.115729091147634,0.131109746794866
"t__d__Bacteria;p__Firmicutes_A;c__Clostridia;o__Lachnospirales;f__Lachnospiraceae;g__Lachnospira;s__Lachnospira sp000436475",0.165239521019552,0.153224177698682,0.18706417633817,0.268534415227657,0.132406160817421,0.177774270028742,0.0864901260543876,0.310768850629018,0.243747075143524,0.0478677514330752,0.0706994129844401,0.313705811530698,0.0693809386452994,0.139462084247604,0.0705599121937266,0.162461645599467
"t__d__Bacteria;p__Firmicutes_A;c__Clostridia;o__Lachnospirales;f__Lachnospiraceae;g__Lachnospira;s__Lachnospira sp000436535",0.154273746675183,0.0517958691474037,0.192308401741311,0.17792346220052,0.0895797971187229,0.0988515479962724,0.0503653136774549,0.191867244410027,0.0650605402349445,0.141115824356781,0.0538543844530013,0.223967770342495,0.0121187708730395,0.12350062453899,0.138859236985785,0.117696168983462
"t__d__Bacteria;p__Firmicutes_A;c__Clostridia;o__Lachnospirales;f__Lachnospiraceae;g__Lachnospira;s__Lachnospira sp000437735",0.0312110872145945,0.0318623194538019,0.273897946637545,0.0995858414745942,0.0337305142094847,0.0444521358999735,0.0358590798166651,0.0779961716515315,0.0687667643277873,0.121816046307481,0.0757524202942828,0.0889766193191979,0.0563099384402858,0.0449018808288702,0.0695456864457328,0.0769776301547886
"t__d__Bacteria;p__Firmicutes_A;c__Clostridia;o__Lachnospirales;f__Lachnospiraceae;g__Lachnospira;s__Lachnospira sp002394205",0.0138662506527319,0.0716992008803159,0.192800188426457,0.315525123996522,0.156568895334671,0.305076666731889,0.0650195843688925,0.148470492305575,0.29941288036851,0.163996620234286,0.135106394822171,0.015000462033099,0.0907086843122291,0.087819315877597,0.146549371067331,0.147174675427485
"t__d__Bacteria;p__Firmicutes_A;c__Clostridia;o__Lachnospirales;f__Lachnospiraceae;g__Lachnospira;s__Lachnospira sp002435585",0.121924381822193,0.0660043531920077,0.170233880550905,0.321313750966009,0.130658635549304,0.156566083497275,0.0411536072234677,0.215057711686747,0.0261136615222315,0.0889444852279908,0.163397346137126,0.123089053447882,0.0724923642490696,0.131386678262719,0.12258795646591,0.130061596653389
"t__d__Bacteria;p__Firmicutes_A;c__Clostridia;o__Lachnospirales;f__Lachnospiraceae;g__Lachnospira;s__Lachnospira sp003451515",0.0783889070967983,0.0506742066194713,0.101119642284268,0.0445677941972348,0.0486405456798119,0.102194104480397,0.014752588969829,0.206848290564724,0.0698472039061127,0.167226276404913,0.0509058561177374,0.0405044054813743,0.107431272288943,0.0454656159656538,0.0544744182309611,0.0788694085525487
"t__d__Bacteria;p__Firmicutes_A;c__Clostridia;o__Lachnospirales;f__Lachnospiraceae;g__Lachnospira;s__Lachnospira sp003537285",0.0714474232311332,0.0262738900442894,0.0606281575436827,0.0601473061879815,0.0416224914390969,0.0448703975039253,0.0109495058353667,0.301782989535728,0.0333775525905285,0.0719668627164541,0.0562336678184692,0.0727601954009984,0.0398701844529928,0.0518854577258377,0.0790746537635024,0.0681927157193325
"t__d__Bacteria;p__Firmicutes_A;c__Clostridia;o__Lachnospirales;f__Lachnospiraceae;g__Lachnospira;s__Lachnospira sp017397445",0.0842726057772473,0.0717040694104931,0.146177956316247,0.0703370494024068,0.0290136621466097,0.0321888599002539,0.0189440309430455,0.213304911125007,0.0678136716852133,0.0436799603295119,0.11784451798274,0.0480052137380236,0.0204850753668355,0.0659627692444871,0.0497702188585754,0.0719669714817798
"t__d__Bacteria;p__Firmicutes_A;c__Clostridia;o__Lachnospirales;f__Lachnospiraceae;g__Lachnospira;s__Lachnospira sp017626275",0.0231711886605674,0.0829096694549142,0.166219798755398,0.131218033937946,0.0639860853412004,0.167339624877134,0.0333285489783861,0.35951354603032,0.0184282386588455,0.411004183347641,0.147015928952396,0.0322713273308077,0.109220172337178,0.0324084718454486,0.163777664933173,0.129454165562757
"t__d__Bacteria;p__Firmicutes_A;c__Clostridia;o__Lachnospirales;f__Lachnospiraceae;g__Lachnospira;s__Lachnospira sp900316325",0.0403406789478147,0.0389050325127911,0.050691992421387,0.121729057284458,0.0368918903686707,0.0338490264307188,0.0596240506474121,0.0985727980651618,0.0641179752044191,0.0306770866994772,0.0220882923495839,0.0150636218732384,0.00621025018693642,0.0899113503935978,0.0547099782892251,0.0508922054449928
"t__d__Bacteria;p__Firmicutes_A;c__Clostridia;o__Lachnospirales;f__Lachnospiraceae;g__Lachnospira;s__Lachnospira sp900545725",0.0231225243792917,0.0286893986526908,0.257619419432625,0.0171260734849777,0.116796220168558,0.0814006365138473,0.0549811778644043,0.281893077918828,0.0800450506581915,0.130607399378466,0.119486740310381,0.0357920200862986,0.0859324317349094,0.100459181707945,0.121027939229921,0.102331952768089
"t__d__Bacteria;p__Firmicutes_A;c__Clostridia;o__Lachnospirales;f__Lachnospiraceae;g__Lachnospira;s__Lachnospira sp900547255",0.111776785995026,0.0646412736711962,0.0916088219614783,0.204578878632447,0.0443249992356934,0.163198825952093,0.0762868235982064,0.38278150176073,0.188713116686932,0.138844514510362,0.0148043607177917,0.00528016263565085,0.0368991018323732,0.0902811667120068,0.237293760565073,0.123420939631137
"t__d__Bacteria;p__Firmicutes_A;c__Clostridia;o__Lachnospirales;f__Lachnospiraceae;g__Lachnospira;s__Lachnospira sp900551945",0.16974480083503,0.0645438015194709,0.336752862831496,0.200221290685862,0.135526641456536,0.297889207591793,0.044313849855364,0.24825258715705,0.0530419677631775,0.123689653781757,0.273894343267774,0.17706886550841,0.188554062028098,0.117500995384369,0.283647611154412,0.18097616938804
"t__d__Bacteria;p__Firmicutes_A;c__Clostridia;o__Lachnospirales;f__Lachnospiraceae;g__Lachnospira;s__Lachnospira sp900552795",0.0470516396911134,0.0251895113492165,0.252130790361178,0.0392997077986614,0.129642153819619,0.0609687084934799,0.0561070655418397,0.201344007089868,0.131459332289058,0.217605259622064,0.124193569505317,0.0535179057841123,0.0924283305916967,0.0599491537264774,0.125367188503499,0.107750288277813
"t__d__Bacteria;p__Firmicutes_A;c__Clostridia;o__Lachnospirales;f__Lachnospiraceae;g__Lachnospira;s__Lachnospira sp900772425",0.0270416539814861,0.0506761360719352,0.0979488328704058,0.185047742665425,0.091666325829566,0.131798003565928,0.0428493952070303,0.135334624067662,0.0909867232474208,0.0995974967441861,0.0823590353381739,0.101962609684314,0.035084168339521,0.0380923096241611,0.0995633063481364,0.0873338909056902
"t__d__Bacteria;p__Firmicutes_A;c__Clostridia;o__Lachnospirales;f__Lachnospiraceae;g__Lachnotalea;s__Lachnotalea glycerini",0.0470581311840535,0.050303278016805,0.214441460969444,0.0580562317044454,0.0747225147063332,0.197173484355383,0.0920964899632149,0.110669054710705,0.141043622935554,0.161162697134992,0.166309214099803,0.231751668210488,0.0718520179761831,0.0495773759985935,0.429243968543904,0.139697414033993
"t__d__Bacteria;p__Firmicutes_A;c__Clostridia;o__Lachnospirales;f__Lachnospiraceae;g__Lacrimispora;s__Lacrimispora amygdalina_A",0.0676385366632601,0.00617463324212592,0.219391496550969,0.0470597434090275,0.0312539653370691,0.0626979830887833,0.0749387681612603,0.332485068266775,0.0210568167124203,0.0252179005688823,0.034762453106489,0.0817826629693047,0.0527172633949731,0.0233840828154976,0.0718805116415514,0.0768294590618926
"t__d__Bacteria;p__Firmicutes_A;c__Clostridia;o__Lachnospirales;f__Lachnospiraceae;g__Limivivens;s__Limivivens intestinipullorum",0.0306009517061298,0.0576620447889607,0.183379831665677,0.0294477183272244,0.0547198587186836,0.0285681840819818,0.0574832344350875,0.115872879894348,0.0934556504605523,0.0737230265421036,0.134767377588135,0.0222662679098138,0.0221387939841992,0.0442184310927211,0.0796320267752324,0.0685290851980567
"t__d__Bacteria;p__Firmicutes_A;c__Clostridia;o__Lachnospirales;f__Lachnospiraceae;g__Massilistercora",0.027314316004451,0.0401886499310774,0.139610946558512,0.024801671354475,0.0482346206738921,0.0255590749138619,0.020591735341984,0.274844172853454,0.0760757671749021,0.0335164970685869,0.0816567674786131,0.0712118279245541,0.0880747921019678,0.077535832684006,0.0637162819414256,0.0728621969337176
"t__d__Bacteria;p__Firmicutes_A;c__Clostridia;o__Lachnospirales;f__Lachnospiraceae;g__Massilistercora;s__Massilistercora timonensis",0.0608501573947659,0.0215184288766553,0.060269371975544,0.0920913075834471,0.0579467912347959,0.13958395849503,0.0431340499600286,0.193843996285905,0.0440505452423028,0.0948984206702864,0.142643185777884,0.0486439675907993,0.0234917915350305,0.138233320930544,0.0622323780503359,0.0815621114402237
"t__d__Bacteria;p__Firmicutes_A;c__Clostridia;o__Lachnospirales;f__Lachnospiraceae;g__MD308;s__MD308 sp010206225",0.0309373890807734,0.0187112315396916,0.16147522481604,0.0291387827735042,0.0744920938421108,0.116883750122918,0.0403716400343419,0.311684906589104,0.113037767222787,0.189880658934074,0.185273911701042,0.0754876205473715,0.0970391171766932,0.0980722752180232,0.232298610221881,0.11831899865469
"t__d__Bacteria;p__Firmicutes_A;c__Clostridia;o__Lachnospirales;f__Lachnospiraceae;g__MD308;s__MD308 sp910578455",0.0171483566760278,0.0140065238603133,0.0895261178294895,0.0561707910938211,0.0416906362634206,0.0975102936939688,0.0290335078039923,0.22376329619719,0.0237460927530404,0.133661340231379,0.0639236148397901,0.0413548677781936,0.0519470160847083,0.0563268805395367,0.078462596937412,0.0678847955054856
"t__d__Bacteria;p__Firmicutes_A;c__Clostridia;o__Lachnospirales;f__Lachnospiraceae;g__Mediterraneibacter;s__Mediterraneibacter avicola",0.082825400757665,0.0251963052298699,0.165858056570581,0.0153801368207484,0.0328369122140505,0.0580281688800186,0.119829662424704,0.200404449948027,0.0328751854804976,0.0418323909538325,0.101032446811897,0.0629073386992741,0.0251792861292008,0.0811912182774589,0.149263508440004,0.079642697842522
"t__d__Bacteria;p__Firmicutes_A;c__Clostridia;o__Lachnospirales;f__Lachnospiraceae;g__Mediterraneibacter;s__Mediterraneibacter caccavium",0.0490425538536204,0.00659019586032614,0.0826154115614911,0.0383766630599405,0.0313373882790231,0.0665346326984602,0.0458546017738758,0.313638907400406,0.0163064396486254,0.126892465525342,0.0753819351663604,0.0423257322572217,0.0502385009480878,0.0414999724597202,0.0336270021722355,0.0680174935109825
"t__d__Bacteria;p__Firmicutes_A;c__Clostridia;o__Lachnospirales;f__Lachnospiraceae;g__Mediterraneibacter;s__Mediterraneibacter cottocaccae",0.0164384860479629,0.0595653206799331,0.0685599616892459,0.0870369695906794,0.0278848401056103,0.101455599341684,0.0194228979237049,0.262806605768351,0.0172272422473768,0.0757723605333839,0.0950754591627181,0.0571234345553124,0.0409342497995229,0.0391007293188665,0.0682599814346982,0.0691109425466033
"t__d__Bacteria;p__Firmicutes_A;c__Clostridia;o__Lachnospirales;f__Lachnospiraceae;g__Mediterraneibacter;s__Mediterraneibacter excrementigallinarum_A",0.0754340815639127,0.00969015239837079,0.0242473896139509,0.0977707653762399,0.0737708944393941,0.117010248847565,0.0559203803800615,0.184646420112698,0.0972865960969525,0.186669478698288,0.0557485118728455,0.138830582369655,0.0569573330438906,0.0752627994271201,0.160480542802298,0.0939817451362163
"t__d__Bacteria;p__Firmicutes_A;c__Clostridia;o__Lachnospirales;f__Lachnospiraceae;g__Mediterraneibacter;s__Mediterraneibacter excrementipullorum",0.012420462068792,0.00296270384134658,0.110967574133176,0.0328279158514793,0.0271580714244594,0.0306486240089023,0.00425183415564142,0.133632685505876,0.0548605853702201,0.0955534620830436,0.0209021416067952,0.0956994116683452,0.104631899979516,0.0855558135338896,0.0165590548710194,0.0552421493401668
"t__d__Bacteria;p__Firmicutes_A;c__Clostridia;o__Lachnospirales;f__Lachnospiraceae;g__Mediterraneibacter;s__Mediterraneibacter faecigallinarum",0.0498729043629664,0.0366533374059324,0.161849736322596,0.135648938698868,0.090574934791983,0.0611127802382315,0.0747437558402592,0.185960391469784,0.142817958654237,0.125044790895154,0.0357304349192511,0.0699096033037179,0.101450270988939,0.213090829330425,0.0414284226049669,0.101725939321821
"t__d__Bacteria;p__Firmicutes_A;c__Clostridia;o__Lachnospirales;f__Lachnospiraceae;g__Mediterraneibacter;s__Mediterraneibacter faecis",0.0158164174823237,0.035253185702365,0.0435900250104843,0.0386828628841702,0.0821395855627091,0.0597235049687757,0.011123588633001,0.406836224504581,0.214247083241946,0.13900905907487,0.0478921591604496,0.114278919120613,0.0695360413608546,0.0458323202535699,0.0762143217607472,0.093345019914764
"t__d__Bacteria;p__Firmicutes_A;c__Clostridia;o__Lachnospirales;f__Lachnospiraceae;g__Mediterraneibacter;s__Mediterraneibacter guildfordensis",0.0254347152606176,0.0928614268192046,0.257589242888274,0.161797672266392,0.21246008533311,0.0744357396966856,0.0843869693203489,0.182925268339876,0.159376943842311,0.0465595090421696,0.0347873257810642,0.0397210130087805,0.0400192901068751,0.198286893347229,0.138350241699216,0.11659948911681
"t__d__Bacteria;p__Firmicutes_A;c__Clostridia;o__Lachnospirales;f__Lachnospiraceae;g__Mediterraneibacter;s__Mediterraneibacter intestinavium",0.208609355346572,0.155516827466788,0.261401649112985,0.460788794917118,0.374205577894965,0.201436091000098,0.255828618149319,0.38413801374114,0.36181066517195,0.485437102908117,0.177926068200462,0.603757378359243,0.129621764908266,0.38303704982918,0.368428693584272,0.320796243372698
"t__d__Bacteria;p__Firmicutes_A;c__Clostridia;o__Lachnospirales;f__Lachnospiraceae;g__Mediterraneibacter;s__Mediterraneibacter intestinigallinarum",0.0406937097070317,0.0775194760181514,0.0492022199255075,0.0314757925058356,0.0118637977711499,0.0878854850821441,0.0422589447048486,0.459223846335112,0.0482816596199042,0.0373382316766363,0.203581177789247,0.04969930907671,0.0263550110034138,0.109418380358577,0.0301696567217289,0.0869977798863999
"t__d__Bacteria;p__Firmicutes_A;c__Clostridia;o__Lachnospirales;f__Lachnospiraceae;g__Mediterraneibacter;s__Mediterraneibacter intestinipullorum",0.0604684172731527,0.0102852165068603,0.173482781720688,0.0278424677569288,0.0701591471530209,0.00705037689259032,0.055747343592953,0.239888281688566,0.0116282528266655,0.0579428676305311,0.137733516263028,0.136570410477107,0.0295418592629716,0.0905995297141274,0.0390367065413339,0.0765318116867017
"t__d__Bacteria;p__Firmicutes_A;c__Clostridia;o__Lachnospirales;f__Lachnospiraceae;g__Mediterraneibacter;s__Mediterraneibacter merdavium",0.0333190873099711,0.0568963441899078,0.0556835522458134,0.0598149501263771,0.034121199743432,0.0947877708062875,0.0336257550211864,0.138545167431338,0.0608452911491413,0.0742246227417961,0.0579755087217626,0.145164499717014,0.0653327469600966,0.0579182739706312,0.0661053828819046,0.068957343534444
"t__d__Bacteria;p__Firmicutes_A;c__Clostridia;o__Lachnospirales;f__Lachnospiraceae;g__Mediterraneibacter;s__Mediterraneibacter merdigallinarum",0.0938154746873607,0.054841391551489,0.0821161511934564,0.134926367907304,0.0752810585079381,0.0480804636315786,0.0287582810522604,0.27343882895507,0.0686639735481833,0.0396491033841049,0.0733226035460973,0.0243367496024998,0.0953262527092642,0.0461614638076354,0.150679157657945,0.0859598214494792
"t__d__Bacteria;p__Firmicutes_A;c__Clostridia;o__Lachnospirales;f__Lachnospiraceae;g__Mediterraneibacter;s__Mediterraneibacter norfolkensis",0.0339581932109674,0.0222520483985515,0.069379790501244,0.109059257563171,0.0323901944087109,0.0415186139391262,0.0343506012928941,0.221190601272609,0.0455030494197774,0,0.0319027396229616,0.138994394765027,0.0222107371491407,0.0430893183126785,0.0983109347848224,0.0629406983094454
"t__d__Bacteria;p__Firmicutes_A;c__Clostridia;o__Lachnospirales;f__Lachnospiraceae;g__Mediterraneibacter;s__Mediterraneibacter norwichensis",0.0240441826315287,0.0313728159578199,0.125180923273348,0.0232553737656117,0.0393918417476646,0.0400800059142832,0.0221040023185332,0.168250337246822,0.0429388188559711,0.0490535065384286,0.0736439348144389,0.0662587567508041,0.0692568068569063,0.0392682482189706,0.00854768559725164,0.0548431493658922
"t__d__Bacteria;p__Firmicutes_A;c__Clostridia;o__Lachnospirales;f__Lachnospiraceae;g__Mediterraneibacter;s__Mediterraneibacter pullicola",0.0295571703154657,0.0263283763591792,0.0578952463594587,0.0860643799833139,0.0363294464389952,0.0757123019835086,0.0434273207812109,0.21023360719081,0.0757914443736813,0.022578924240683,0.0984400614715445,0.0431552739766164,0.0120979519545446,0.106722937713175,0.0892182671767007,0.0675701806879258
"t__d__Bacteria;p__Firmicutes_A;c__Clostridia;o__Lachnospirales;f__Lachnospiraceae;g__Mediterraneibacter;s__Mediterraneibacter sp900120155",0.0548866211516492,0.00995782122857132,0.106237690458242,0.0346571915022393,0.00946955759751095,0,0.0585596912645531,0.282188842901457,0.0362396796121943,0.0559538641285093,0.0992965986059264,0.0743426172239861,0.0688453734067151,0.0614467981534288,0.0941336385003861,0.0697477323823579
"t__d__Bacteria;p__Firmicutes_A;c__Clostridia;o__Lachnospirales;f__Lachnospiraceae;g__Mediterraneibacter;s__Mediterraneibacter sp900541505",0.0148605737593624,0.0294625127201677,0.0783302657561948,0.0582379978778801,0.0507459929226817,0.0137718707852884,0.0422180659366015,0.243411825974092,0.0266834022333958,0.0522537086272048,0.0894968028501043,0.0652640237288957,0.0271519692885884,0.0728424984332853,0.0708309367735092,0.0623708298444834
"t__d__Bacteria;p__Firmicutes_A;c__Clostridia;o__Lachnospirales;f__Lachnospiraceae;g__Mediterraneibacter;s__Mediterraneibacter sp900752395",0.0806803094903404,0.0722614364610697,0.0733166569688281,0.244419579049095,0.0914894228840603,0.129961220477988,0.0756761526453764,0.47342603202777,0.0475961898046293,0.0623935049941615,0.0388598539002256,0.112601018778123,0.0385004137777109,0.0846864038899037,0.215593820454568,0.12276413437359
"t__d__Bacteria;p__Firmicutes_A;c__Clostridia;o__Lachnospirales;f__Lachnospiraceae;g__Mediterraneibacter;s__Mediterraneibacter stercorigallinarum",0.0465722733364519,0.0119184142980235,0.082660524051298,0.0322700637081582,0.0286316333279575,0.0748097180559227,0.0256185443573512,0.0810338136430691,0.0249004390358219,0.00598271564532895,0.0440031324810571,0.056818844938544,0.0283710132359634,0.127083237537851,0.0552259491999704,0.0483933544568513
"t__d__Bacteria;p__Firmicutes_A;c__Clostridia;o__Lachnospirales;f__Lachnospiraceae;g__Mediterraneibacter;s__Mediterraneibacter torques",0.0136712227588285,0.0394674599023667,0.0787552129133595,0.0954185182258177,0.0509995463556437,0.152273250656255,0.0703448243610235,0.194500305141807,0.0480141333975556,0.0804804542075708,0.0919091261134444,0.071985615177567,0.0449651974627295,0.0719002924279271,0.0592884683225224,0.0775982418282945
"t__d__Bacteria;p__Firmicutes_A;c__Clostridia;o__Lachnospirales;f__Lachnospiraceae;g__Mediterraneibacter;s__Mediterraneibacter vanvlietii",0.0774985220362724,0.0592887344972934,0.0957987908673385,0.146337464284413,0.126713818376384,0.0920172387011981,0.058466027848955,0.546611242944878,0.0693010930643698,0.147189954286096,0.162944255130036,0.0679419498403733,0.0891223289183419,0.0889631521029562,0.0843705904402232,0.127504344222609
"t__d__Bacteria;p__Firmicutes_A;c__Clostridia;o__Lachnospirales;f__Lachnospiraceae;g__Merdimonas",0.0321199409219604,0.00756890526454145,0.0119420368391836,0.011711356977751,0,0.011454569964476,0.0174149457902865,0.206943388312181,0.0368388387977202,0.0778338466847963,0.0529677835185034,0.0893928723204737,0.00478706785243016,0.0632670159014183,0.0585678043038468,0.0455206915633046
"t__d__Bacteria;p__Firmicutes_A;c__Clostridia;o__Lachnospirales;f__Lachnospiraceae;g__Merdimonas;s__Merdimonas massiliensis",0.0104395849422843,0.0204056008571116,0.0766765892526849,0.00910827049707465,0.0116938040861139,0.146004073847326,0.0372043000405289,0.0541552336576999,0.072614112286141,0.0809955940014795,0.118908144113663,0.223173467951538,0.0093613771336412,0.108886305999718,0.0942233538940021,0.0715899875040672
"t__d__Bacteria;p__Firmicutes_A;c__Clostridia;o__Lachnospirales;f__Lachnospiraceae;g__Merdisoma;s__Merdisoma faecalis",0,0.0374775446385575,0.0602123294957639,0.0126921480906638,0.0146390790354724,0.00720977671798801,0.026182613220227,0.161432150391043,0.0475306826299142,0.0967785939193979,0.092619871936454,0.121372667519986,0.0711949623857061,0.0742932396604746,0.0769773011161025,0.0600408640505167
"t__d__Bacteria;p__Firmicutes_A;c__Clostridia;o__Lachnospirales;f__Lachnospiraceae;g__Merdisoma;s__Merdisoma merdipullorum",0.0232973757463908,0.0143512851354554,0.0899744554018544,0.0670091090875555,0.0303008643397256,0,0.0374475275059719,0.318963583649618,0.0588516559863783,0.0368828727733176,0.102466067220106,0.0714698140922681,0.0695978978292355,0.0658047218134199,0.0233528814335014,0.0673180074676532
"t__d__Bacteria;p__Firmicutes_A;c__Clostridia;o__Lachnospirales;f__Lachnospiraceae;g__Merdisoma;s__Merdisoma sp002160825",0.0460014454226129,0.0250465021834706,0.0871463891602983,0.0312030291029684,0.0980218250852491,0.0561949128396223,0.0367542025579748,0.524541424690872,0.0652356784931564,0.104641261615717,0.0751455366722729,0.0399301635931268,0.0688668888197938,0.217449903519857,0.131583136067031,0.107184153321602
"t__d__Bacteria;p__Firmicutes_A;c__Clostridia;o__Lachnospirales;f__Lachnospiraceae;g__MGBC114844",0.0638436184700784,0.0205448776990117,0.154464653097944,0.153850769331891,0.0646488426372854,0.136923295038645,0.0543337309021257,0.226364947025805,0.11211621514588,0.125298298367202,0.142605279113063,0.0981578996912133,0.0879832049925483,0.324233887294117,0.10705438737612,0.124828260412195
"t__d__Bacteria;p__Firmicutes_A;c__Clostridia;o__Lachnospirales;f__Lachnospiraceae;g__MGBC114844;s__MGBC114844 sp910579865",0.0948512171060506,0.0180794057591479,0.0919698152136129,0.176351278950109,0.0391594541680299,0.101152240622966,0.0677027848622088,0.211626377218591,0.0811765027818265,0.105743451933904,0.257490846780397,0.0329327290698739,0.240393116755028,0.132200959290994,0.0743290574152729,0.115010615861867
"t__d__Bacteria;p__Firmicutes_A;c__Clostridia;o__Lachnospirales;f__Lachnospiraceae;g__MGBC143606",0.03975688042005,0.00317552566737904,0.0693834709808322,0.00606468116724766,0.0640711149948712,0.019229185286071,0.0183281084822145,0.00568839367510471,0.150293938205279,0.0786895253660152,0.169505119037672,0.103943228231669,0.0826693257684878,0.0481781990723037,0.0870542793014583,0.0630687317104437
"t__d__Bacteria;p__Firmicutes_A;c__Clostridia;o__Lachnospirales;f__Lachnospiraceae;g__MGBC143606;s__MGBC143606 sp910587935",0.0405292357286597,0.0330918300749561,0.117260497093022,0.0539444122349884,0.0548340554273199,0.172874331960452,0.037260327040329,0.344994752891804,0.0779820458072813,0.125792843419721,0.0908728585429488,0.279713240459556,0.0404617258868847,0.0421936148553613,0.136747308712525,0.109903538675721
"t__d__Bacteria;p__Firmicutes_A;c__Clostridia;o__Lachnospirales;f__Lachnospiraceae;g__Muricomes",0.0093651291803251,0.00540412345293755,0.112750227007098,0.112793746323059,0.0835699195430401,0.0459791600843341,0.0066258488069928,0.307574638431464,0.0173697170769274,0.119315573129564,0.0431828537654808,0.107932962638698,0.0774272117522396,0.114069658353895,0.0763695052282678,0.082648684984955
"t__d__Bacteria;p__Firmicutes_A;c__Clostridia;o__Lachnospirales;f__Lachnospiraceae;g__Muricomes;s__Muricomes contortus_B",0.0430783953182312,0.0243460909199169,0.024567280848152,0.0424321899172945,0.0485797421222168,0.01970952566346,0.0131353926596936,0.113180975806614,0.0503876155715756,0.0363119814113302,0.0531572854733495,0.0168327943333076,0.0285566712710588,0.0206935111893273,0.0808889855200123,0.0410572292017027
"t__d__Bacteria;p__Firmicutes_A;c__Clostridia;o__Lachnospirales;f__Lachnospiraceae;g__Muricomes;s__Muricomes fissicatena_A",0.172065981928735,0.0438961075264491,0.0271630303745961,0.0924341172311937,0.174581801844194,0.0343468192800729,0.0298924076525012,0.395953885950609,0.103769918443686,0.0932733481837687,0.0845541838387339,0.105122046629648,0.0763777301209061,0.025667701449709,0.218756793536868,0.111857058266111
"t__d__Bacteria;p__Firmicutes_A;c__Clostridia;o__Lachnospirales;f__Lachnospiraceae;g__Muricomes;s__Muricomes intestini",0.00676639764777684,0.0105271302887898,0.0519155074003163,0.0594790587970387,0.063033608088722,0.0511851545988279,0.0503561378146874,0.0945109020139014,0.0954334718654527,0.0807784398396375,0.0863943894755498,0.0701017731321277,0.087319614419131,0.0763813725331553,0.167265194810428,0.0700965435150361
"t__d__Bacteria;p__Firmicutes_A;c__Clostridia;o__Lachnospirales;f__Lachnospiraceae;g__Muricomes;s__Muricomes sp000509105",0.0875814670164918,0.0682464884280557,0.288524500191695,0.125599467201651,0.0859492446358417,0.164843428503991,0.0205509106031849,0.162439824980008,0.056752668691455,0.177331542927423,0.152386572182381,0.267055513619139,0.183083429553357,0.151450622966424,0.174231625692794,0.144401820479593
"t__d__Bacteria;p__Firmicutes_A;c__Clostridia;o__Lachnospirales;f__Lachnospiraceae;g__NK4A136;s__NK4A136 sp002478505",0.0280654813138288,0.0535618399384731,0.0967010888814368,0.0218384015835518,0.0521467209438033,0.0226006705007098,0.0295048420063399,0.138045780743165,0.0660099752593662,0.0811293044821771,0.07137816985494,0.0127645441074107,0.0553355737938461,0.079106176382764,0.0292773038621064,0.0558310582435946
"t__d__Bacteria;p__Firmicutes_A;c__Clostridia;o__Lachnospirales;f__Lachnospiraceae;g__Oliverpabstia;s__Oliverpabstia sp002361775",0.0168467190959053,0.057337272797165,0.155879541727042,0.136978626853517,0.0701849746115026,0.122650588361744,0.0548171026747308,0.324949228022846,0.0642015970415158,0.0518861423828081,0.0570064099526862,0.140724873589943,0.0404826340028742,0.10659822504898,0.18169292818777,0.105482457623402
"t__d__Bacteria;p__Firmicutes_A;c__Clostridia;o__Lachnospirales;f__Lachnospiraceae;g__Oliverpabstia;s__Oliverpabstia sp004556655",0.0500356411263085,0.0250215734166107,0.180589385535072,0.0874342039808881,0.0619773661330267,0.0569609959775981,0.0674813971259665,0.184822922903162,0.0199805220703808,0.0205182576352815,0.100167210269496,0.0580906245584236,0.0753815880942603,0.0589512562139403,0.0336788162678606,0.0720727840872184
"t__d__Bacteria;p__Firmicutes_A;c__Clostridia;o__Lachnospirales;f__Lachnospiraceae;g__Oribacterium;s__Oribacterium sp015258095",0.0920078708831954,0.037136207327909,0.0735596296969158,0.0342374829040563,0.0425690408185429,0.12506591863866,0.0586241824953985,0.349104042092156,0.108150794692456,0.0121495148489757,0.0756942256476403,0.395770745063988,0.0258141423789955,0.102926152877586,0.19670123292853,0.115300745553
"t__d__Bacteria;p__Firmicutes_A;c__Clostridia;o__Lachnospirales;f__Lachnospiraceae;g__Oribacterium;s__Oribacterium sp900772695",0.0194361886485822,0.0369779972993498,0.030927663925182,0.0717778941670455,0.0361205942048987,0.0223506276916332,0.00811862221014796,0.178929878168648,0.0425212126747817,0.036197910695856,0.0539912488004822,0.0681726561945395,0.00767347384197148,0,0.0540398805246675,0.044482389936519
"t__d__Bacteria;p__Firmicutes_A;c__Clostridia;o__Lachnospirales;f__Lachnospiraceae;g__Paralachnospira",0.0344253483163499,0.0265915224120576,0.0883962636501605,0.0332205767075607,0.00406758780725138,0.0779495096947089,0.00300689711486961,0.18771652243274,0.0462957411565739,0.0245885935124057,0.14025022048011,0.0915524136275705,0.0158555792360914,0.0578709110959302,0.0989805052953497,0.062051212835982
"t__d__Bacteria;p__Firmicutes_A;c__Clostridia;o__Lachnospirales;f__Lachnospiraceae;g__Paralachnospira;s__Paralachnospira caecorum",0.0335765445530075,0.0288668576136465,0.0531850661408987,0.00565800948725464,0.0332538896508022,0.0255915543852781,0.00841931192163492,0.17287913155539,0.052689212784276,0.0197327869431139,0.0753784113017986,0.0790672380503779,0.0587544740758482,0.0182629439531698,0.0587566600008827,0.0482714728278253
"t__d__Bacteria;p__Firmicutes_A;c__Clostridia;o__Lachnospirales;f__Lachnospiraceae;g__Pelethocola;s__Pelethocola excrementipullorum",0.0786526844191413,0.0249120021220757,0.0516771660973165,0.0152528713278229,0.0499735767941382,0.105697845272239,0.0824634254361168,0.0891690949588797,0.0937662813900931,0.0907240576485134,0.10931278488572,0.0999262398909744,0.0674678606028832,0.0188377600359285,0.0663268783115964,0.0696107019462293
"t__d__Bacteria;p__Firmicutes_A;c__Clostridia;o__Lachnospirales;f__Lachnospiraceae;g__RGIG1668",0.0660580471579614,0.0306861931399455,0.108577955684566,0.0165582972522762,0.100899369759439,0.213726710462335,0.048246047095632,0.373528108768909,0.0401328939917854,0.052531711606942,0.090338661581858,0.112234356766816,0.135431936187357,0.229070143737266,0.109607452531002,0.115175192381606
"t__d__Bacteria;p__Firmicutes_A;c__Clostridia;o__Lachnospirales;f__Lachnospiraceae;g__RGIG1668;s__RGIG1668 sp017399685",0.0683347488625734,0.0194032525410748,0.114155008712555,0.0171904175620459,0.0257856012781114,0.195144855344029,0.0292292866317963,0.212977239452368,0.0954000325135831,0.0680487184259922,0.145037081872476,0.0818733820294305,0.118556413870992,0.0779784601317123,0.195461454611552,0.0976383969226861
"t__d__Bacteria;p__Firmicutes_A;c__Clostridia;o__Lachnospirales;f__Lachnospiraceae;g__RGIG3002",0.0918966694307121,0.0363882927864671,0.118947390079671,0.11067190793174,0.0665820999387309,0.0995515772425812,0.0388696842102481,0.0949456964595449,0.0733968894471464,0.249355860335312,0.12836396567229,0.0881468165666746,0.151624442573324,0.159533134545254,0.0812985664683484,0.105971532912536
"t__d__Bacteria;p__Firmicutes_A;c__Clostridia;o__Lachnospirales;f__Lachnospiraceae;g__RGIG3002;s__RGIG3002 sp017437065",0.013160556921035,0.0196967944689408,0.161328283810411,0.0899841482460074,0.0559535629945049,0.146993011302935,0.0671118244900657,0.223978278263519,0.0631912246983962,0.0882570742565573,0.245594086002389,0.154903867877875,0.0475292915568567,0.013258229931695,0.0968532828150411,0.0991862345090819
"t__d__Bacteria;p__Firmicutes_A;c__Clostridia;o__Lachnospirales;f__Lachnospiraceae;g__RGIG8607",0.0270378379826454,0.109158391165009,0.0515481011013375,0.0147893481463877,0.0644542548781039,0.179437987334091,0.0718328335106198,0.112829400389184,0.080470076706761,0.173780851190973,0.153853498387682,0.107549576749779,0.133468537935347,0.0757810754508308,0.0945535488975408,0.0967030213217528
"t__d__Bacteria;p__Firmicutes_A;c__Clostridia;o__Lachnospirales;f__Lachnospiraceae;g__RGIG8767;s__RGIG8767 sp016294075",0.0558332437578854,0.0105451944818368,0.156511798357685,0.119526907635758,0.0441511185047811,0.0908886550591549,0.064113843565346,0.365348957325824,0.170998870121461,0.183855023653037,0.0338560140216964,0.185337086032936,0.141634960177388,0.0617123668518651,0.0545304601664247,0.115922966647539
"t__d__Bacteria;p__Firmicutes_A;c__Clostridia;o__Lachnospirales;f__Lachnospiraceae;g__Roseburia",0.0254492847032459,0.0368383904008208,0.0842155446741447,0.0370799036839266,0.0166727991225366,0.138088206606028,0.0488315073356873,0.134228137517376,0.0731688401742239,0.0928060254337846,0.099641484416483,0.092867211747281,0.0480368186673282,0.0367445730606957,0.123187760474068,0.072523765867842
"t__d__Bacteria;p__Firmicutes_A;c__Clostridia;o__Lachnospirales;f__Lachnospiraceae;g__Roseburia;s__Roseburia intestinalis",0.0619884327530943,0.0468331559303502,0.158848740737243,0.222393402417872,0.173584502738365,0.422507878401123,0.14572973760063,0.227913771932054,0.233674429417118,0.229593931066312,0.243506506238727,0.18466509192703,0.377947717508854,0.339535646758378,0.25854825014486,0.221818079704801
"t__d__Bacteria;p__Firmicutes_A;c__Clostridia;o__Lachnospirales;f__Lachnospiraceae;g__Roseburia;s__Roseburia sp001940165",0.0472958113725735,0.0348224801144151,0.0932915717285622,0.11529905229281,0.0520483875014735,0.0991158623025127,0.0580110715388217,0.389541370570214,0.0675742586849874,0.131613769009246,0.153192174825471,0.0309174449070302,0.0489929710713568,0.15712222231875,0.173625466938074,0.110164261011753
"t__d__Bacteria;p__Firmicutes_A;c__Clostridia;o__Lachnospirales;f__Lachnospiraceae;g__Roseburia;s__Roseburia sp003470905",0.153177653139179,0.126077864008512,0.0932016450220107,0.330860609365393,0.193443091196648,0.204367488749322,0.0905789259610335,0.292814435855167,0.307470814888896,0.257677282187609,0.1688613939158,0.191598365590828,0.115674724134187,0.192915821339194,0.332804669965308,0.203434985687939
"t__d__Bacteria;p__Firmicutes_A;c__Clostridia;o__Lachnospirales;f__Lachnospiraceae;g__Roseburia;s__Roseburia sp003483745",0.0643540132633321,0.0495523196559422,0.206322329186185,0.136103751340334,0.109472769151355,0.189469728741303,0.0592042432823861,0.234491946947502,0.136356156095204,0.0618267256423557,0.277436212538946,0.160367634707714,0.068404340823577,0.188047951426582,0.127529012587839,0.137929275692704
"t__d__Bacteria;p__Firmicutes_A;c__Clostridia;o__Lachnospirales;f__Lachnospiraceae;g__RUG11237",0.0565676572687838,0.0602981501383922,0.256308634433199,0.0632334659306104,0.105920143752458,0.274016894821932,0.056572130345371,0.120011455047802,0.414069469611881,0.179274194740958,0.252219547701611,0.290990574235286,0.181915638624246,0.230323266684144,0.196547117737047,0.182551222738248
"t__d__Bacteria;p__Firmicutes_A;c__Clostridia;o__Lachnospirales;f__Lachnospiraceae;g__RUG115;s__RUG115 sp902782995",0.0415392242109279,0.110700076627671,0.119682765432833,0.237766224064432,0.0983925839219601,0.0630250638670756,0.105219190612735,0.204202021826057,0.0871824963396503,0.190724034720175,0.34721112681779,0.124393847510587,0.0713452674349929,0.165305344278762,0.0346050868703009,0.13341962363573
"t__d__Bacteria;p__Firmicutes_A;c__Clostridia;o__Lachnospirales;f__Lachnospiraceae;g__Ruminococcus_G",0.0641027888884918,0.0415732700499327,0.159158080870811,0.069079365030452,0.0345881702241577,0.041034077821822,0.100951175269174,0.146800963331822,0.0823271993045393,0.0595634773101501,0.0931358246702668,0.0716279104049476,0.0504861811068662,0.147135751263739,0.152967854559016,0.0876354726737459
"t__d__Bacteria;p__Firmicutes_A;c__Clostridia;o__Lachnospirales;f__Lachnospiraceae;g__Scatomonas;s__Scatomonas merdigallinarum",0.0168875638772246,0.00512265868976372,0.0183085714361416,0.00515299707021044,0.0254977409994369,0.0769509809555343,0.0378261137923573,0.198331193819802,0.0238747107232667,0.0420701869373431,0.113917821216023,0.0504610291150278,0.0778656334181849,0.0765482679334162,0.0686942178419434,0.0558339791883784
"t__d__Bacteria;p__Firmicutes_A;c__Clostridia;o__Lachnospirales;f__Lachnospiraceae;g__Scatomonas;s__Scatomonas pullistercoris",0.0477826031625843,0.0117368584153252,0.0763081581519803,0.0350815174489999,0.0815001871490952,0.0907429360958569,0.0299361533568807,0.21759248925298,0.134211509028514,0.0818489267831405,0.0493410040227104,0.0622536128819097,0.0595316184066,0.0179121327981081,0.0468309849925105,0.0695073794631464
"t__d__Bacteria;p__Firmicutes_A;c__Clostridia;o__Lachnospirales;f__Lachnospiraceae;g__Schaedlerella",0.0477534109463258,0.0655518898269385,0.230016249944839,0.0780968892308216,0.0941095942869222,0.113707679947072,0.086773055572238,0.227340028874009,0.104032927682103,0.0767603505488864,0.0949913316043872,0.206822454007379,0.0180270107522753,0.135389028163983,0.118996936973859,0.113224589224136
"t__d__Bacteria;p__Firmicutes_A;c__Clostridia;o__Lachnospirales;f__Lachnospiraceae;g__Schaedlerella;s__Schaedlerella arabinosiphila",0.0819574518981295,0.0733041221959989,0.111675551596194,0.0889803732896224,0.0439189256412089,0.117538491294286,0.0877881782067741,0.231286401274549,0.100977120847381,0.00628185142759539,0.131749751093696,0.100328136232868,0.043714095497523,0.0614871093005551,0.0636781656086443,0.0896443816936683
"t__d__Bacteria;p__Firmicutes_A;c__Clostridia;o__Lachnospirales;f__Lachnospiraceae;g__Schaedlerella;s__Schaedlerella sp900066545",0.00427215157608359,0.0503302075047223,0.0383020535002906,0.0513319091770371,0.017804242009261,0.0232311551206592,0,0.297425583585838,0.0653472241949584,0.0982263857501193,0.0852109210856185,0.0659511152900232,0.0402188784499948,0.0980242637545581,0.0385352874256406,0.0649474252283203
"t__d__Bacteria;p__Firmicutes_A;c__Clostridia;o__Lachnospirales;f__Lachnospiraceae;g__Scybalocola;s__Scybalocola faecipullorum",0.0186278445510948,0.0161034434954644,0.171520596371914,0.027710135303666,0.0318692585376753,0.0755762892881259,0.00841931192163492,0.174230743172322,0.0610085589876973,0.0589353863157607,0.0387705215505826,0.0795636763223063,0.0575639495051122,0.129051684434043,0.0492038806339647,0.0665436853594242
"t__d__Bacteria;p__Firmicutes_A;c__Clostridia;o__Lachnospirales;f__Lachnospiraceae;g__SIG293",0.0339563200110613,0.040306773930354,0.0695343237646035,0.10742874732196,0.0635132052486597,0.03237476607819,0.0641703750644099,0.0805893008361416,0.108911907475084,0.123518722315206,0.167212105484182,0.0565269410555717,0.0512194313477142,0.0582998643076601,0.12485881779515,0.0788281068023965
"t__d__Bacteria;p__Firmicutes_A;c__Clostridia;o__Lachnospirales;f__Lachnospiraceae;g__Sporofaciens;s__Sporofaciens sp910574715",0.0745247876861729,0.0567673607313953,0.0681274605231684,0.0898985491460076,0.0739108336461064,0.139053235062739,0.0627147323654914,0.273030967741917,0.150957778280853,0.0961916836503207,0.0787465409013126,0.243617623444487,0.0692328770423681,0.114140306159269,0.0107859308874933,0.106780044484607
"t__d__Bacteria;p__Firmicutes_A;c__Clostridia;o__Lachnospirales;f__Lachnospiraceae;g__Stomatobaculum;s__Stomatobaculum sp002892395",0.0202119825874152,0.0292963812528484,0.0857064916052975,0.0194796280002871,0.0793541572434193,0.048438547080311,0.0375507458949221,0.148868391957148,0.0332514473276867,0.0960522870112233,0.106438935785786,0.0561046045821,0.0176997956857132,0.0489909543328882,0.0290214277659068,0.0570977185408635
"t__d__Bacteria;p__Firmicutes_A;c__Clostridia;o__Lachnospirales;f__Lachnospiraceae;g__UBA2821",0.0997997345742077,0.0283844734888036,0.106109497028026,0.0464194168010032,0.0672209281068956,0.205925143321384,0.029299273955535,0.364851328762397,0.0950050762677169,0.199826052563791,0.0986227241308604,0.0511044938804378,0.131739942124579,0.142683959686678,0.193026043389932,0.12400120587215
"t__d__Bacteria;p__Firmicutes_A;c__Clostridia;o__Lachnospirales;f__Lachnospiraceae;g__UBA2821;s__UBA2821 sp002351535",0.0403686443638214,0.0468676627381198,0.0956950817438563,0.130775546278596,0.104492649669069,0.0339105325675714,0.0585999040323995,0.249410240397046,0.0605447694649107,0.0767653306306346,0.111969865089341,0.0587712511918468,0.0612774059578638,0.0891173248578402,0.129653569893821,0.0898813185917824
"t__d__Bacteria;p__Firmicutes_A;c__Clostridia;o__Lachnospirales;f__Lachnospiraceae;g__UBA2821;s__UBA2821 sp902786515",0.0866588809851377,0.0298889034382986,0.0588808760820859,0.109511086180532,0.0670213471949468,0.112089500503144,0.147316255432831,0.232963789279667,0.0797924936447679,0.0692861227025144,0.0735852767180253,0.0796857391464908,0.0688481276509043,0.0209609350379374,0.338343907108925,0.104988882740414
"t__d__Bacteria;p__Firmicutes_A;c__Clostridia;o__Lachnospirales;f__Lachnospiraceae;g__UBA2868",0.0812653319163747,0.0326074308164376,0.105944515109653,0.0452471001445538,0.0277559143189217,0.0621116139521607,0.00967376166138137,0.154842143774766,0.073240029296947,0.0764508965164231,0.132308801993078,0.0926587000510801,0.0705672938174836,0.127593479479743,0.251833606742842,0.0896067079727898
"t__d__Bacteria;p__Firmicutes_A;c__Clostridia;o__Lachnospirales;f__Lachnospiraceae;g__UBA2882",0.0255389647959488,0.0211632527592865,0.0592479696855372,0.0374741802321304,0.00338965650604282,0.0509666582530386,0.0543055801227402,0.277117386957506,0.0134153136445023,0.0802901925847325,0.0264544651159087,0.0062665666445087,0.0513548316241559,0.0972908211141763,0.050976663628168,0.0570168335778922
"t__d__Bacteria;p__Firmicutes_A;c__Clostridia;o__Lachnospirales;f__Lachnospiraceae;g__UBA3282;s__UBA3282 sp017623295",0.049542620841995,0.0250776660044988,0.131304284983291,0.0672528142589178,0.030907546477945,0.073070631223141,0.0212122923739893,0.407611451697062,0.126305738096059,0.0152923742135961,0.0927851853524392,0.090414540945489,0.0538485127989192,0.0384034830918382,0.031289025332181,0.083621211179424
"t__d__Bacteria;p__Firmicutes_A;c__Clostridia;o__Lachnospirales;f__Lachnospiraceae;g__UBA3282;s__UBA3282 sp910588955",0.0665516484396258,0.0186577283732637,0.0794895774398451,0.0751334446773874,0.0408918974247936,0.13837338240924,0.0245998328249287,0.225447362198072,0.0888511597116121,0.0191181002177401,0.0882360961128669,0.0362571167648025,0.0386789743232519,0.0703555533799148,0.0632990283434,0.0715960601760496
"t__d__Bacteria;p__Firmicutes_A;c__Clostridia;o__Lachnospirales;f__Lachnospiraceae;g__UBA3402;s__UBA3402 sp002358555",0.126959591020237,0.0346921052346203,0.0628190851589187,0.18472814266791,0.151014589374276,0.138915957930004,0.012803432027673,0.175170618433716,0.0974597763455865,0.0978140093968925,0.419092084175743,0.114788130936545,0.138472143925674,0.035387436022978,0.385229558468298,0.145023110741271
"t__d__Bacteria;p__Firmicutes_A;c__Clostridia;o__Lachnospirales;f__Lachnospiraceae;g__UBA3633",0,0.0388558231242611,0.480531142781768,0.0212196694994264,0.0653266332673723,0.171685356379871,0.08957149480654,0.154706639070255,0.124024423825936,0.132123081807432,0.095243028843932,0.0324309989155601,0.0670696652820623,0.164351004292328,0.0870637805923152,0.114946849499271
"t__d__Bacteria;p__Firmicutes_A;c__Clostridia;o__Lachnospirales;f__Lachnospiraceae;g__UBA3766;s__UBA3766 sp015057025",0.0558563921349343,0.00316141221996847,0.0207836725711099,0.0756007440099576,0.0397632019584953,0.0634891940139009,0.0745906811925342,0.143472281090946,0.118451609448839,0.0612703094130097,0.116340139067855,0.126126216004522,0.0320457236280069,0.102099119235492,0.286757834858782,0.0879872353898902
"t__d__Bacteria;p__Firmicutes_A;c__Clostridia;o__Lachnospirales;f__Lachnospiraceae;g__UBA3766;s__UBA3766 sp900769175",0.0617936101601855,0.0298226512276032,0.0800061334645319,0.0777245338181182,0.077310490924026,0.10221882101277,0.0216970149193516,0.489806386589364,0.34518049601546,0.100059592842352,0.0888238958030169,0.127958297446384,0.167357416892147,0.1410298567445,0.0981568178533999,0.133929734380881
"t__d__Bacteria;p__Firmicutes_A;c__Clostridia;o__Lachnospirales;f__Lachnospiraceae;g__UBA4285;s__UBA4285 sp900542465",0.00579976941238015,0.020692834697765,0.171600070121413,0,0.00381336356929817,0.0782186180430012,0.0467565537497939,0.395068661604527,0.0282498158246328,0.0381611790805625,0.0887182511435085,0.132606566478474,0,0.119544416736631,0.105830554911578,0.0823373770249044
"t__d__Bacteria;p__Firmicutes_A;c__Clostridia;o__Lachnospirales;f__Lachnospiraceae;g__UBA629;s__UBA629 sp005465875",0.0281393717478135,0.0263432051228048,0.0709339030297373,0.0696010998180228,0.0045760362831578,0.101549269274401,0.0868581996362646,0.196996051875547,0.0194416179760268,0.021089628074314,0.0334385629880581,0.112979986601534,0.0275504608863966,0.0524152079863888,0.0777193347918343,0.0619754624061534
"t__d__Bacteria;p__Firmicutes_A;c__Clostridia;o__Lachnospirales;f__Lachnospiraceae;g__UBA7050",0.0684893898375459,0.084898081493409,0.111629935188284,0.0677929427083714,0.0513852306383113,0.0507319271135864,0.0547129964795943,0.156357583953411,0.0276659178260493,0.0630333257724721,0.0150446573278899,0.0695236149880132,0.0226671861994895,0.118308122394594,0.069432426754113,0.0687782225783423
"t__d__Bacteria;p__Firmicutes_A;c__Clostridia;o__Lachnospirales;f__Lachnospiraceae;g__UMGS1370;s__UMGS1370 sp905215625",0.0553108521754066,0.0109373959068528,0.0927786088924402,0.0458014863087998,0.026361505893212,0.0634415861243961,0.101769934925421,0.243505178813799,0.0490701098095586,0.0585168396047685,0.0565129084313786,0.0143224411492029,0.122213755017423,0.0474092555419226,0.0593261908231745,0.0698185366278505
"t__d__Bacteria;p__Firmicutes_A;c__Clostridia;o__Lachnospirales;f__Lachnospiraceae;g__UMGS2037",0.0293203809030508,0.0191579281671888,0.109786617350958,0.037899425786031,0.0685429855656935,0.0768525107784395,0.0514399986413158,0.218239368576972,0.061796555168658,0.00655219339124797,0.0900618491254094,0.0282634861142221,0.0381650449296991,0.0416029840412287,0.122780676685966,0.066697467015072
"t__d__Bacteria;p__Firmicutes_A;c__Clostridia;o__Lachnospirales;f__Lachnospiraceae;g__UMGS2037;s__UMGS2037 sp900557385",0.0288231927469832,0.0284178734911397,0.0264348796240995,0.0378157740332109,0.0552186721030418,0.0126516644633834,0.0524262501391412,0.164205492238777,0.0467082628493182,0.169229903122801,0.0740011967956988,0.0484372645039246,0.0997416486608791,0.0729799614818662,0.0359746165235508,0.0635377768518543
"t__d__Bacteria;p__Firmicutes_A;c__Clostridia;o__Lachnospirales;f__Lachnospiraceae;g__V9D3004",0.0543205431017611,0.030058490516517,0.0699310507476268,0.0137595492305675,0.0748162468126737,0.122430061108582,0.0274081251679545,0.249777539043169,0.200355556901075,0.0768222858801068,0.220241786820407,0.0316636068578668,0.0742056402706808,0.0794484006363551,0.187430134964621,0.100844601203998
"t__d__Bacteria;p__Firmicutes_A;c__Clostridia;o__Lachnospirales;f__Lachnospiraceae;g__V9D3004;s__V9D3004 sp900760345",0.0362381699472016,0.096095935162258,0.0935670978586092,0.091809563330171,0.109858829869436,0.159432957514033,0.0883864920448208,0.447464493466312,0.648110543122005,0.246522460844326,0.148349410017607,0.147756357418501,0.148941937785437,0.145959639963058,0.249058746432591,0.190503508985091
"t__d__Bacteria;p__Firmicutes_A;c__Clostridia;o__Lachnospirales;f__Lachnospiraceae;g__Velocimicrobium",0.0591543935284463,0.0580105869644934,0.0265244631269453,0.0673846312762515,0.09223205583164,0.0624105031839366,0.0500921232674177,0.0863432426502993,0.0969427692312239,0.0578275067432361,0.0983837813376583,0.0487704752757259,0.0364756488610114,0.118806883084053,0.0527932998145743,0.0674768242784609
"t__d__Bacteria;p__Firmicutes_A;c__Clostridia;o__Lachnospirales;f__Lachnospiraceae;g__Velocimicrobium;s__Velocimicrobium ethanolgignens",0.0382670552565323,0.0545969766949368,0.0877396851758794,0.0724939033515373,0.0655248027439501,0.150298357093045,0.00856939591296704,0.198001145616162,0.167969285709303,0.132334564131069,0.0932891037147473,0.076319178068152,0.0674307483103047,0.119254354745703,0.246958440824969,0.105269799823284
"t__d__Bacteria;p__Firmicutes_A;c__Clostridia;o__Lachnospirales;f__Lachnospiraceae;g__Velocimicrobium;s__Velocimicrobium porci",0.0112892135003576,0.0916586305699163,0.295795159938002,0.138877312251802,0.0845194073797876,0.185115794995211,0.0751330809989219,0.360485280966158,0.274292417343081,0.193576310696099,0.172927110879013,0.0881623783851276,0.101201234647458,0.0553788847381773,0.133697100448821,0.150807287849196
"t__d__Bacteria;p__Firmicutes_A;c__Clostridia;o__Lachnospirales;f__Lachnospiraceae;g__Ventrimonas;s__Ventrimonas sp003480315",0.0281301034150684,0.0324389047479264,0.162182417003336,0.0313997077311727,0.0117000927694376,0.0374398638259172,0.0496622950526022,0.303897270906523,0.0554966222049063,0.0116940840783288,0.198378065863482,0.102126947434547,0.042276948495431,0.0552318579279478,0.139374497312407,0.0840953119179355
"t__d__Bacteria;p__Firmicutes_A;c__Clostridia;o__Lachnospirales;f__Lachnospiraceae;g__Ventrimonas;s__Ventrimonas sp003611875",0.0254505536652449,0.0208312458887985,0.12447603963228,0.0565722691451718,0.0406667627212875,0.0742952214161753,0.0066849766214512,0.328796378515182,0.0417526229950938,0.0567783252553763,0.0623120441870251,0.166226516566154,0.10686992542514,0.0990019233203421,0.0686923928658744,0.0852938132147064
"t__d__Bacteria;p__Firmicutes_A;c__Clostridia;o__Lachnospirales;f__Lachnospiraceae;g__Ventrimonas;s__Ventrimonas sp004554205",0.0191470297462713,0.0223589114792331,0.143635753073316,0.0229345176746294,0.0338990897130151,0.0969524925773919,0.0094502480753045,0.258800701785632,0.0254631426555622,0.0335277520882845,0.0392589525431547,0.0683081225557307,0.00851034284876473,0.123791456796169,0.123607740096779,0.0686430835806159
"t__d__Bacteria;p__Firmicutes_A;c__Clostridia;o__Lachnospirales;f__Lachnospiraceae;g__VUNI01",0.0998322455978064,0.0270770412879844,0.0391298032485722,0.0611121937016261,0.162073274342534,0.107000485824457,0.0600958117077855,0.179938393856457,0.160403150702474,0.0684602466615544,0.0892233870712647,0.104603272296395,0.0765765401437643,0.191393856972578,0.137011496131134,0.104262079969759
"t__d__Bacteria;p__Firmicutes_A;c__Clostridia;o__Lachnospirales;f__Lachnospiraceae;g__VUNI01;s__VUNI01 sp009695765",0.0775441423034354,0.0151612639607525,0.0556140265652724,0.0938404894718282,0.0648569195259216,0.102066515764904,0.0198145676054864,0.171623310016824,0.0905831374425483,0.0443376553584842,0.194181868309983,0.211767494501285,0.0425495228210122,0.174147624844606,0.136517530199763,0.0996404045794738
"t__d__Bacteria;p__Firmicutes_A;c__Clostridia;o__Lachnospirales;f__Vallitaleaceae;g__W11650",0.0458174955396442,0.0217571043729342,0.133301232765685,0.031351779521869,0.0968313301238036,0.0714679857099154,0.0465221014180908,0.155724856767117,0.0654078356519722,0.0471144936883532,0.0110327487071193,0.029309592360488,0.103520287321566,0.0495495583883428,0.111367285810326,0.0680050458764817
"t__d__Bacteria;p__Firmicutes_A;c__Clostridia;o__Lachnospirales;f__Vallitaleaceae;g__W11650;s__W11650 sp002999035",0.0289772607247185,0.018952961409152,0.137539199581825,0,0.00878229185656548,0.0662241281029712,0.0719671133376248,0.192199969138196,0.0090951278945778,0.0676896437127696,0.0322658722231925,0.142070708872524,0.0975979515350846,0.0683202124843568,0.0238682685592813,0.0643700472955227
"t__d__Bacteria;p__Firmicutes_A;c__Clostridia;o__Oscillospirales;f__Acutalibacteraceae;g__Acutalibacter;s__Acutalibacter sp000432995",0.0150311172049164,0.0133059983277812,0.0822493049235891,0.0400401085168351,0.0359140366349224,0.0585594865270552,0.00882628194267299,0.20173840126115,0.0590355322664901,0.036797292082437,0.0072796729005919,0.0131661198187658,0.0381255991362453,0.0731041293434063,0.0565702879527724,0.0493162245893087
"t__d__Bacteria;p__Firmicutes_A;c__Clostridia;o__Oscillospirales;f__Acutalibacteraceae;g__Acutalibacter;s__Acutalibacter sp900548545",0.0499067658034703,0.0295728995278962,0.0466568605769256,0.0728048945574155,0.0236543228922631,0.0301004719597145,0.0411838273895702,0.15721180711527,0.00833720057002965,0.0979993748650187,0.0260623793200276,0.0959412027689234,0.0115465612558215,0.122776254186061,0.0782100113818162,0.0594643222780149
"t__d__Bacteria;p__Firmicutes_A;c__Clostridia;o__Oscillospirales;f__Acutalibacteraceae;g__Acutalibacter;s__Acutalibacter sp900755895",0.040042972879213,0.0182208224903174,0.0494816534525365,0.0121021816906085,0.0514208976629058,0.0859962496228254,0.0382429796163638,0.167778656838351,0.0504690430228533,0.0212073025065851,0.0347656061702194,0.0312784359426433,0.0303005244573329,0.0140567972690422,0.059895055812327,0.0470172786289416
"t__d__Bacteria;p__Firmicutes_A;c__Clostridia;o__Oscillospirales;f__Acutalibacteraceae;g__Acutalibacter;s__Acutalibacter sp905215055",0.00652474058892767,0.011071257342617,0.0391841887845737,0.020740813207597,0.0255863754143907,0.0274267150832009,0.0171348916472349,0.141464998487932,0.0562403150868672,0.01783937028789,0.037196617874146,0.0901173212393648,0.0462154603421039,0.0576259733291443,0.0764708685438962,0.0447226604839924
"t__d__Bacteria;p__Firmicutes_A;c__Clostridia;o__Oscillospirales;f__Acutalibacteraceae;g__Acutalibacter;s__Acutalibacter sp910574935",0.00852521816131724,0.0242702512187534,0.0954451031583783,0.0644170065932093,0.0300240687471372,0.0320657457618205,0.0230722367944832,0.366165283891537,0.0520725008669561,0.0345612216401547,0.0469527765712565,0.0244567532987646,0.0523427531673944,0.0552785022191371,0.0650584064049632,0.0649805218996842
"t__d__Bacteria;p__Firmicutes_A;c__Clostridia;o__Oscillospirales;f__Acutalibacteraceae;g__Acutalibacter;s__Acutalibacter sp910574995",0.0118666334687515,0.0143550910234169,0.118447225329559,0.0252026365403466,0.0388482882730057,0.087465387534026,0.0207798068474025,0.167590568038771,0.0283841317791615,0.055015743268773,0.070161217291401,0.0755670623043649,0.0705092911968087,0.0401189677916365,0.00765146355574113,0.0554642342828777
"t__d__Bacteria;p__Firmicutes_A;c__Clostridia;o__Oscillospirales;f__Acutalibacteraceae;g__Acutalibacter;s__Acutalibacter sp910587835",0.0186895254827965,0.00588060308773897,0.0795698017705672,0,0.0283648284003515,0.0108666954636198,0.0393899261234093,0.154488230517201,0.0615036206384409,0,0.0563565561427506,0.0337930408681655,0.0276366960976434,0.0354352142599635,0.00817582474520026,0.0373433709065233
"t__d__Bacteria;p__Firmicutes_A;c__Clostridia;o__Oscillospirales;f__Acutalibacteraceae;g__Acutalibacter;s__Acutalibacter stercoravium",0.0263757132018939,0.00920700349339091,0.0696188304570672,0.0749919087156795,0.0153883883926466,0.0351287988216598,0.0302551178223603,0.260468386759874,0.0537297558689722,0.125176265337297,0.0335161532693548,0.0311114572578184,0.0486566250920562,0.144884569490412,0.0372967400398504,0.0663870476013556
"t__d__Bacteria;p__Firmicutes_A;c__Clostridia;o__Oscillospirales;f__Acutalibacteraceae;g__Acutalibacter;s__Acutalibacter stercorigallinarum",0,0.00908983045702435,0.0431788650908485,0,0.0307059764259683,0.0115258335287563,0.0390712854779417,0.258420418925041,0.0648331033418488,0,0.0326846749557907,0.0548088810912853,0.00829758427754561,0.034604354926617,0.00841200804808893,0.0397088544364505
"t__d__Bacteria;p__Firmicutes_A;c__Clostridia;o__Oscillospirales;f__Acutalibacteraceae;g__Avimonas",0.0383873978097272,0.021155924515684,0.0740233369523471,0.0376637519246305,0.0119915060147826,0.00588553201468409,0.0121432841538581,0.174737891874571,0.026784295707225,0.133402522150515,0.010042860447071,0.0482544093734288,0.0164634608681461,0.0938836820756579,0,0.0469879903921552
"t__d__Bacteria;p__Firmicutes_A;c__Clostridia;o__Oscillospirales;f__Acutalibacteraceae;g__Avimonas;s__Avimonas intestinalis",0.00579976941238015,0.0184690140975588,0.0405438802900818,0.0193227296361008,0.0131830674908313,0.0443954384544283,0.0140308607611725,0.248141014189344,0.0799600464513199,0.0508963314635414,0.0679357959083202,0.0541559537857826,0.03043659080777,0.0656204453149484,0.0620349739684642,0.0543283941354696
"t__d__Bacteria;p__Firmicutes_A;c__Clostridia;o__Oscillospirales;f__Acutalibacteraceae;g__Avimonas;s__Avimonas merdigallinarum",0.0293844286576406,0.00640684167174433,0.0746795054490385,0.0169046604115645,0.0162010173459274,0.00858306752141429,0.00300689711486961,0.173110119564671,0.0103457079800823,0.033673151420579,0.034847832451807,0.04577797803011,0.0119365847748908,0.010713418029912,0.0625133735214936,0.035872305596383
"t__d__Bacteria;p__Firmicutes_A;c__Clostridia;o__Oscillospirales;f__Acutalibacteraceae;g__Caccousia;s__Caccousia avicola",0.0458093730398694,0.0321167465139964,0.111529272717583,0.0378262268196688,0.0114400907078945,0.0270265352777507,0.0361438876458654,0.140214278660399,0.0235977757392972,0.012680249263866,0.0641776417403077,0.0793311318616483,0.0464928677183734,0.054632682372292,0.0333293317965338,0.0504232061250231
"t__d__Bacteria;p__Firmicutes_A;c__Clostridia;o__Oscillospirales;f__Acutalibacteraceae;g__Caccousia;s__Caccousia stercoris",0.0103852121040432,0.0362195095079598,0.0742807176585309,0.00541064692372096,0,0.0198061538010144,0.0103319697856798,0.2103711516989,0.0486873753546487,0.00766466492320724,0.0268797764550547,0.0389451834640586,0.00425517142438236,0,0.0356248540836566,0.0352574924789905
"t__d__Bacteria;p__Firmicutes_A;c__Clostridia;o__Oscillospirales;f__Acutalibacteraceae;g__CAG-217",0.00751103858492837,0.0246106265839646,0.0665719005016994,0.10358691643226,0.0760800164693595,0.054397487099969,0.0681315540492807,0.120554340987269,0.0790223634115525,0.105832053635282,0.107992718483425,0.0300868476899458,0.00892784199149499,0.0594630074604733,0.0860696870520346,0.0665892266955292
"t__d__Bacteria;p__Firmicutes_A;c__Clostridia;o__Oscillospirales;f__Acutalibacteraceae;g__CAG-488;s__CAG-488 sp000434915",0.00396989564055968,0,0.0216113991547616,0.0364475732522533,0,0.02807582985291,0.00847212884722644,0.253265789260943,0,0.0135687990836061,0.00720889830294727,0.0441082157313834,0,0.0342296838634058,0.0332870743060299,0.0322830191530684
"t__d__Bacteria;p__Firmicutes_A;c__Clostridia;o__Oscillospirales;f__Acutalibacteraceae;g__Clostridium_A",0.0442976809143379,0.0712293953792209,0.138680180511778,0.0446023453950546,0.180593206715653,0.0110353725275327,0.0672960844121696,0.277308062736599,0.0742328974867053,0.105532036309916,0.0711099796832429,0.310735297382401,0.116021392753531,0.0908691442839187,0.0816079075474207,0.112343398935965
"t__d__Bacteria;p__Firmicutes_A;c__Clostridia;o__Oscillospirales;f__Acutalibacteraceae;g__Clostridium_A;s__Clostridium_A leptum",0.0265360515154209,0.120627823286128,0.120762992401386,0.0866388132632695,0.0561509238208858,0.103935134012505,0.0446585959251457,0.371743157537736,0.045729886255446,0.187777213904563,0.185650906568894,0.13539171577042,0.105551762745991,0.112474801953591,0.126958565158737,0.122039222941341
"t__d__Bacteria;p__Firmicutes_A;c__Clostridia;o__Oscillospirales;f__Acutalibacteraceae;g__Clostridium_E",0.0110932877658831,0.00317958125571541,0.0499540010393266,0.0849380304841175,0.0279328881451091,0.0355229641588997,0.0522606535952531,0.138273069483465,0.0457333347632354,0.0468184509632248,0.0318563182774565,0.0416308493275017,0.015297926722633,0.0662022077898372,0.0740690732051328,0.0483175091317861
"t__d__Bacteria;p__Firmicutes_A;c__Clostridia;o__Oscillospirales;f__Acutalibacteraceae;g__Eubacterium_R;s__Eubacterium_R faecipullorum",0.0507484910398823,0.00676465375192906,0.0788266796506126,0.0516463495712574,0.0992464341681062,0.0703450646831233,0.0884836089905348,0.311243047393683,0.0347913440004469,0.0362163829440579,0.0485628166505484,0.0643132937041616,0.0379852732803667,0.0683665961099153,0.051758072332687,0.0732865405514208
"t__d__Bacteria;p__Firmicutes_A;c__Clostridia;o__Oscillospirales;f__Acutalibacteraceae;g__Fimivicinus;s__Fimivicinus intestinavium",0.0298759118458783,0.00485593379181926,0.0585488543900883,0.0392608775708718,0.021624465285666,0.0508408351841408,0.0108248296135306,0.203835245042408,0.0447015114209084,0.0102105013680281,0,0.00325558414705453,0.00594450444585812,0,0.0648106528091782,0.0365726471276953
"t__d__Bacteria;p__Firmicutes_A;c__Clostridia;o__Oscillospirales;f__Acutalibacteraceae;g__Fimivicinus;s__Fimivicinus sp900544375",0.077718079605024,0.0247926194902183,0.0911083914141392,0.0614647453927517,0.0419657262888435,0.0608817469360701,0.0249535408126121,0.0476121966727999,0.0339493773014182,0.0246161554643262,0.0766331946724716,0.0378693017465629,0.0261120231061618,0.0952713961614627,0.0229553353312288,0.0498602553597394
"t__d__Bacteria;p__Firmicutes_A;c__Clostridia;o__Oscillospirales;f__Acutalibacteraceae;g__Fimivicinus;s__Fimivicinus sp900549825",0.0136727593866491,0.0143976104731004,0.0544465962860305,0.0300466787932007,0.0468163998902437,0.033163562462,0.03263668142774,0.240649411807429,0.0304232028073628,0.0245690189168175,0.0513893821357925,0.00396012197673814,0.00547093468849161,0.0358306321745026,0.0745522221805573,0.0461350143604437
"t__d__Bacteria;p__Firmicutes_A;c__Clostridia;o__Oscillospirales;f__Acutalibacteraceae;g__Gallacutalibacter",0.106703880592781,0.0593680825029994,0.115450283123482,0.151349041249401,0.117183227152825,0.0551661649368375,0.0517079644030754,0.304498161177737,0.0160974455854603,0.165135212296701,0.188631030253216,0.118648599306086,0.0367888121653906,0.0759820282855526,0.194577759430672,0.117152512830815
"t__d__Bacteria;p__Firmicutes_A;c__Clostridia;o__Oscillospirales;f__Acutalibacteraceae;g__Gallacutalibacter;s__Gallacutalibacter pullicola",0.0274198565515291,0.0347195533097553,0.121380970448403,0.0771300601469098,0.0959857020720137,0.087546247128371,0.0692349166988799,0.197996117664611,0.0416569489693739,0.103500223014516,0.0577392455876805,0.242584766311852,0.0525953531328125,0.101540186126668,0.22800189404951,0.102602136080859
"t__d__Bacteria;p__Firmicutes_A;c__Clostridia;o__Oscillospirales;f__Acutalibacteraceae;g__Heritagella;s__Heritagella intestinalis",0.0477840673210213,0.0148674805449566,0.0293813609845468,0.0160110980395824,0,0.0655750155911536,0.0329761541357396,0.32657736941173,0,0.0401410892764095,0.079695343781221,0.0756474177167367,0.051139193587565,0.0446951272085056,0.0490847679612696,0.0582383657040292
"t__d__Bacteria;p__Firmicutes_A;c__Clostridia;o__Oscillospirales;f__Acutalibacteraceae;g__HGM12814",0.0471434257454923,0.0165700529415538,0.193444998265016,0.0128215034162355,0.0538738238657393,0.128092177814961,0.0178505805357453,0.0358385982319792,0.140483498450388,0.0297014592191362,0.0766948125469437,0.0760310487683699,0.0848943845506253,0.107487604292159,0.148718634318542,0.0779764401975258
"t__d__Bacteria;p__Firmicutes_A;c__Clostridia;o__Oscillospirales;f__Acutalibacteraceae;g__HGM12814;s__HGM12814 sp900770165",0.030621104838388,0.0246369252287569,0.0498067700913063,0.0180354897457365,0.0757958971129687,0.0280652684033547,0.0209135322820464,0.339131935559608,0.0174474870110984,0.0570258845435473,0.145588854268012,0.0410014248387787,0.0710634364811294,0.0286765567835709,0.03986052880726,0.0658447397330374
"t__d__Bacteria;p__Firmicutes_A;c__Clostridia;o__Oscillospirales;f__Acutalibacteraceae;g__Howiella;s__Howiella intestinavium",0.0250745892533911,0.00263451018330706,0.0262256495291876,0,0,0.0115258335287563,0.015458860152624,0.0969970199153602,0.0223740146206614,0.0312605833859579,0.0162180911917237,0.0484125968408772,0.0297333128962129,0.00499959508062558,0.0378661108691008,0.024585384496519
"t__d__Bacteria;p__Firmicutes_A;c__Clostridia;o__Oscillospirales;f__Acutalibacteraceae;g__JAGZMM01",0.0204191956942819,0.0197065543473564,0.107855540884038,0.0436209009564632,0.0447681016690442,0.0981147793555333,0.00978113126713746,0.139031938738939,0.0740382611955702,0.0595925957855026,0.0444172608315677,0.0404047079540849,0.0618126045908073,0.034544697965444,0.0183876599451167,0.0544330620787258
"t__d__Bacteria;p__Firmicutes_A;c__Clostridia;o__Oscillospirales;f__Acutalibacteraceae;g__JAGZMM01;s__JAGZMM01 sp018364155",0.0243811730095905,0.00564537896422941,0.116375254754446,0.116204276966385,0.0123287750029041,0.0679035727187579,0.036992096964306,0.161312901665641,0.0798541676670947,0.0197600551028579,0.104405307968285,0.0323213159601604,0.0603369892845117,0.152148635246409,0.00853818816881026,0.0665672059629593
"t__d__Bacteria;p__Firmicutes_A;c__Clostridia;o__Oscillospirales;f__Acutalibacteraceae;g__Limousia",0.00347986164742809,0.0482685455767036,0.0327969226778977,0.00629828958279457,0.0219203585025918,0.146193307249211,0.0726987122089367,0.265761825201975,0.0500108324022522,0.0390915207181045,0.0609508255270615,0.0538199028819967,0.032686528648424,0.020878990819658,0.105759971986275,0.0640410930420874
"t__d__Bacteria;p__Firmicutes_A;c__Clostridia;o__Oscillospirales;f__Acutalibacteraceae;g__Limousia;s__Limousia pullorum",0.0297780245210723,0,0.0757253447514079,0.0289876242280723,0.0271655963144728,0.0843834684950242,0.0161220373807495,0.137896434112794,0.0831212809272059,0.0642570591179231,0.0551847829650902,0.0118803659302144,0.0100242019132084,0.00238261953061062,0.0746095120709368,0.0467678901505855
"t__d__Bacteria;p__Firmicutes_A;c__Clostridia;o__Oscillospirales;f__Acutalibacteraceae;g__Scatavimonas",0,0.00791190499740795,0.0375924803844955,0.0511460224041656,0.0262259857222781,0.0565367772319653,0.0169465560200589,0.254489467892274,0.0288707265165368,0.0365120999178613,0.0508538725456695,0.0642606653316956,0.0284967540845001,0.0874402210868831,0.039333417247165,0.0524411300921971
"t__d__Bacteria;p__Firmicutes_A;c__Clostridia;o__Oscillospirales;f__Acutalibacteraceae;g__Scatavimonas;s__Scatavimonas merdigallinarum",0.0192928694325021,0.0104544054893137,0.0743425805387927,0.0806645846921294,0.0175675466995873,0.0197363393280873,0.0302865264947087,0.258286952729298,0.0323129682699028,0.0320385381840708,0.0992007817295958,0.0352693940340077,0.086038260244441,0.0508187409424144,0.043378212436455,0.0593125800830204
"t__d__Bacteria;p__Firmicutes_A;c__Clostridia;o__Oscillospirales;f__Acutalibacteraceae;g__Scatavimonas;s__Scatavimonas merdipullorum",0.0104359296254277,0.00686070360236213,0.00963067487030937,0.0950885260541613,0.0266080530140716,0.0200284262960896,0,0.110406237343129,0.0134528804771103,0.015634830219793,0.00891535249060144,0.018480569224778,0.0895439770676905,0.0994385751465217,0.00662445633787003,0.0354099461179943
"t__d__Bacteria;p__Firmicutes_A;c__Clostridia;o__Oscillospirales;f__Acutalibacteraceae;g__Timburyella;s__Timburyella stercoris",0.00414269243741439,0.0100362292697412,0.0766875325539035,0.0146788915584712,0.00479306632641801,0.0609168258510189,0.0279602114843927,0.115103460154422,0.0112173244033126,0.100030884654474,0.0861703391230939,0.0231402519193731,0,0.0578460476242417,0.0741907664827211,0.0444609682561999
"t__d__Bacteria;p__Firmicutes_A;c__Clostridia;o__Oscillospirales;f__Acutalibacteraceae;g__UBA1417;s__UBA1417 sp900552925",0.0213697327157877,0.0111026334604492,0.0622299938915632,0.0638713986852584,0.0847126538429828,0.0972895320165973,0.042745629356349,0.304921463544182,0.0575884764448046,0.08808856341004,0.040310943580196,0.12514840551847,0.0647307198257702,0.00723155717019057,0.0598137583364327,0.0754103641199382
"t__d__Bacteria;p__Firmicutes_A;c__Clostridia;o__Oscillospirales;f__Acutalibacteraceae;g__UBA5905",0.0322308944954621,0.00738496675672756,0.0429955469555125,0.0269023254186915,0.0170679174657215,0.0583928873997788,0.0272757575769222,0.185012577123483,0.0326818262345162,0.0821626925639616,0.0669924494602222,0.055048703853251,0.0308221345217242,0.0550301042566291,0.114761226909614,0.0556508007328145
"t__d__Bacteria;p__Firmicutes_A;c__Clostridia;o__Oscillospirales;f__Acutalibacteraceae;g__UBA5905;s__UBA5905 sp002437905",0.0292916619946642,0.0220180186164187,0.0282180631349979,0.122744666159341,0.025237356342405,0.0488318005935778,0.0233495668186818,0.192307756734788,0.0231083619840014,0.0432848256918973,0.041462359183411,0.0837492732898449,0.0853190031126368,0.0672866934008578,0.10541250314394,0.0627747940134309
"t__d__Bacteria;p__Firmicutes_A;c__Clostridia;o__Oscillospirales;f__Acutalibacteraceae;g__UBA945",0.0130790718381226,0.0434747856771844,0.064463965311791,0.0847313613754681,0.0395720650696203,0.128649820575106,0.0670323357064779,0.249848485968924,0.201042363485242,0.113388552666726,0.0228274144034922,0.212732244542166,0.0358198885574502,0.141114401061863,0.090299651782841,0.100538427201498
"t__d__Bacteria;p__Firmicutes_A;c__Clostridia;o__Oscillospirales;f__Acutalibacteraceae;g__UBA945;s__UBA945 sp900549675",0.0688603691439265,0.024732390854428,0.103689724596458,0.18603892275537,0.0160436698825464,0.0723087588792076,0.0218273470208547,0.262373180850684,0.178121476580178,0.191849821004443,0.136930338841076,0.206752887227943,0.0552631041337117,0.0916538595809417,0.0851383203994465,0.113438944783414
"t__d__Bacteria;p__Firmicutes_A;c__Clostridia;o__Oscillospirales;f__Acutalibacteraceae;g__UMGS1264;s__UMGS1264 sp900550095",0.0366145858995521,0.0371852253648932,0.0616167529463634,0.0278068747464343,0.0729193487922309,0.00701913358361813,0.0186212842756568,0.156849522398229,0.017814207231976,0.0239258185028758,0.125840198536722,0.0874395754740304,0.129036367036742,0.0598962544798512,0.106180437796811,0.0645843724710658
"t__d__Bacteria;p__Firmicutes_A;c__Clostridia;o__Oscillospirales;f__Acutalibacteraceae;g__UMGS1591",0.0593932079365938,0.0259287238503007,0.0461088626317101,0,0.0314023859279433,0.115401123640989,0.0306947768503016,0.146417552118074,0.0575867367452604,0.0668791833209185,0.0808114613094604,0.0285358578630328,0.12687686235465,0.0940222186120798,0.0684482196163875,0.0652338115185135
"t__d__Bacteria;p__Firmicutes_A;c__Clostridia;o__Oscillospirales;f__Acutalibacteraceae;g__UMGS1591;s__UMGS1591 sp905198295",0.0171572245454005,0.0152459449851843,0.101128235672891,0,0.0382850965888965,0.0342038160139081,0,0.153348875958048,0.0593845558530213,0.0748051269992814,0.114950995612529,0.0735508650636428,0.0660053710763787,0.00675620956841296,0.0904697650748727,0.0563528055341645
"t__d__Bacteria;p__Firmicutes_A;c__Clostridia;o__Oscillospirales;f__Acutalibacteraceae;g__UMGS1623",0.0389360444069924,0.011187863097961,0.145740413684658,0.0467825859497307,0.0280826988567601,0.143131017341871,0.0251005138263995,0.233834430192871,0.0687757385528138,0.13064489930249,0.0995031490334287,0.103952037942417,0.106614597334862,0.0935378428683758,0.0370615748978366,0.0875256938192979
"t__d__Bacteria;p__Firmicutes_A;c__Clostridia;o__Oscillospirales;f__Acutalibacteraceae;g__UMGS1623;s__UMGS1623 sp900553525",0.0436231488696905,0.028727203388212,0.0911646554086818,0.0738523404752687,0.0256403302849953,0.124186437164982,0.00437366853071943,0.180805924251197,0.0592604677091661,0.100349433023979,0.0249848773481029,0.0435655581600086,0.0645649456161996,0.0556296012641977,0.0627079566432625,0.0655624365425776
"t__d__Bacteria;p__Firmicutes_A;c__Clostridia;o__Oscillospirales;f__Butyricicoccaceae;g__Agathobaculum;s__Agathobaculum intestinigallinarum",0.0229679865486557,0.00993821921827886,0.161549568373511,0.150954125356528,0.0609337756739564,0.037642881843917,0.0716972605181206,0.169846272367956,0.069742352750306,0.0827341528349026,0.0890142624185961,0.0405669097956346,0.0453488199353757,0.035227410074671,0.0107673703015538,0.0705954245341309
"t__d__Bacteria;p__Firmicutes_A;c__Clostridia;o__Oscillospirales;f__Butyricicoccaceae;g__Butyricicoccus",0.0162190442796486,0.0155390900885501,0.00497584868299318,0.0608622491623751,0.0280497719547577,0.0642415184414416,0.0207712788828961,0.234902592548285,0.0747378632460114,0.00574340701951579,0.0539810760938177,0.1043829091465,0.0359929247179676,0.155485015471837,0.0887673675928631,0.0643101304886307
"t__d__Bacteria;p__Firmicutes_A;c__Clostridia;o__Oscillospirales;f__Butyricicoccaceae;g__Butyricicoccus;s__Butyricicoccus pullicaecorum",0.0831256944044966,0.0233644198679032,0.0561808662332787,0.116755221342331,0.0646692625506314,0.111190810014725,0.0668907346433494,0.350973738835876,0.0798995414024713,0.111433484207173,0.044023841788806,0.156297571826905,0.0372942815157278,0.0801538565540458,0.120415239247025,0.10017790429565
"t__d__Bacteria;p__Firmicutes_A;c__Clostridia;o__Oscillospirales;f__Butyricicoccaceae;g__Butyricicoccus;s__Butyricicoccus sp018383195",0.123111484924195,0.0396796518317205,0.169324515018449,0.0720566421115828,0.0940809926175868,0.161985444542466,0.0368042596878674,0.180303427787233,0.0710253654410319,0.112044113318206,0.126562531678105,0.0646015937048194,0.0702505890222585,0.0901739300630565,0.0558352900662039,0.0978559887876522
"t__d__Bacteria;p__Firmicutes_A;c__Clostridia;o__Oscillospirales;f__Butyricicoccaceae;g__Butyricicoccus;s__Butyricicoccus sp900547195",0.0212584259877959,0.0222688982767958,0.111318992567458,0.157090555531506,0.0810787208306752,0.0530415532517616,0.049004291844129,0.135356601122149,0.0389246209643778,0.105442805000642,0.0902851830256483,0.056639247257296,0.00574448142291619,0.0772866318413671,0.192758230962862,0.0798332826591586
"t__d__Bacteria;p__Firmicutes_A;c__Clostridia;o__Oscillospirales;f__Butyricicoccaceae;g__Pseudobutyricicoccus;s__Pseudobutyricicoccus lothianensis",0.0249885886391842,0.0187847641805917,0.00853002631370259,0.0211942368263278,0.00494706625206248,0.0685324640406552,0.0151089570938014,0.16158885164231,0.0380576349830945,0.0754980293976293,0.0370100824710247,0.00528016263565085,0.105986810114967,0.122259392165218,0.0629714608285936,0.0513825685056542
"t__d__Bacteria;p__Firmicutes_A;c__Clostridia;o__Oscillospirales;f__Butyricicoccaceae;g__UBA4644;s__UBA4644 sp900763355",0.0172728948461275,0.0046057870337536,0.0965106632752198,0.0117101810866111,0.0451807393119199,0.113460752458794,0.0374063707110962,0.231238712011898,0.0360899727705677,0.0115898247069098,0.0332621943101874,0.0461011535918081,0.0260921500528061,0.0188600796568242,0.113857567193859,0.0562159362012255
"t__d__Bacteria;p__Firmicutes_A;c__Clostridia;o__Oscillospirales;f__Butyricicoccaceae;g__UMGS1384",0,0.021443163328766,0.0894029703595183,0.0168867583830493,0.0129533302195208,0.117979882080998,0.0763189855739656,0.263036591202363,0.0363770591793366,0.0561121552349637,0.0130501004851773,0.117222941459771,0.0392169160321685,0.0696816793289986,0.0496602600992774,0.0652895195311916
"t__d__Bacteria;p__Firmicutes_A;c__Clostridia;o__Oscillospirales;f__Butyricicoccaceae;g__UMGS1384;s__UMGS1384 sp900551265",0.0127136489416605,0.025569072506819,0.0251213591207391,0.0310924258718645,0.0189493192491175,0.0350679615874927,0.0519622029860061,0.154519834013172,0.0108742165336999,0.131606448278116,0.0710043512193039,0.0525241420850478,0.0992868329473969,0.0232900391954608,0.0740609405682514,0.0545095196736099
"t__d__Bacteria;p__Firmicutes_A;c__Clostridia;o__Oscillospirales;f__Butyricicoccaceae;g__Ventrousia",0.0345290759086414,0.0291878747783621,0.0223108965666774,0.144379987323084,0.0549883333817521,0.043411519711564,0.0456552719078609,0.127559540143194,0,0.0031545227948098,0.05163663434333,0.0399521018708783,0.00928532316474387,0.0102848813087155,0.0385690569004877,0.0436603346736068
"t__d__Bacteria;p__Firmicutes_A;c__Clostridia;o__Oscillospirales;f__Butyricicoccaceae;g__Ventrousia;s__Ventrousia excrementavium",0.0197627860853387,0.0131449197075189,0.0375188401286211,0.103271511493008,0.0167747059168612,0.0291628254684849,0.00649704555177184,0.0524714884100282,0,0,0.0318988613790163,0.05054929271338,0.012099932646606,0.0670174301896145,0.0381169114679029,0.0318857700772102
"t__d__Bacteria;p__Firmicutes_A;c__Clostridia;o__Oscillospirales;f__BX7;g__CAJFTX01",0.00579976941238015,0.0299956163261241,0.0479703515585049,0.0226731871089259,0.0364194656176178,0.0615443670369634,0.00770517385685339,0.164675269406157,0.0137942773067763,0.117776954270626,0.0524746717717546,0.0257180985249658,0,0.0489644409420938,0.0555214668037153,0.0460688739962305
"t__d__Bacteria;p__Firmicutes_A;c__Clostridia;o__Oscillospirales;f__BX7;g__CAJFTX01;s__CAJFTX01 sp904420075",0.048115732242476,0.0204364794012077,0.0577817238665991,0.0299547198166592,0.027999803979934,0.0742804040010212,0.0140948302259513,0.0816276719308301,0.00624175443745536,0.0546948642025491,0.0391578997673135,0.0331279434592518,0.0544477090441981,0.00562454446570378,0.00588840563366225,0.0368982990983208
"t__d__Bacteria;p__Firmicutes_A;c__Clostridia;o__Oscillospirales;f__BX7;g__Galloscillospira_B",0.0197820706459705,0.00376961736393523,0.0260670806931619,0,0.0464370690997307,0.0235421280587363,0.0225707668600613,0.120525368413534,0.0105450758198003,0.00358962938719737,0.0384595884473006,0.047653404671444,0.0343316487505501,0,0,0.0264848965474282
"t__d__Bacteria;p__Firmicutes_A;c__Clostridia;o__Oscillospirales;f__BX7;g__Galloscillospira_B;s__Galloscillospira_B excrementipullorum",0.0212664544314555,0,0.0281981791988982,0,0.0253569094258766,0,0.0131362845409127,0.0630982640825431,0.0102870683397093,0,0.0132746976422558,0.00762690158482902,0.00606361927974486,0.00666612677416744,0.0458677705949079,0.0160561517263534
"t__d__Bacteria;p__Firmicutes_A;c__Clostridia;o__Oscillospirales;f__CAG-272;g__Avispirillum;s__Avispirillum sp018370615",0.0226747945676007,0.023057133864893,0.116743450519584,0.0257567026921563,0.091440818559868,0.0704575856589416,0.0248247137574799,0.16151409446465,0.0696392426229565,0.0745186187805139,0.0431196694522015,0.115063813731599,0.0597861224365803,0.112015071130869,0.041611245363843,0.0701482051735824
"t__d__Bacteria;p__Firmicutes_A;c__Clostridia;o__Oscillospirales;f__CAG-272;g__CAG-390;s__CAG-390 sp000437015",0.0379373998709065,0.00274428144094485,0.0176440904651001,0.0668518565787935,0.0414245872173127,0.0549016414114846,0.00401184633570388,0.136245838516915,0.0400626481073402,0.0215914923127129,0.00169252394938763,0.042820747504314,0.0113307348327829,0.0265600660832962,0.0342627860007721,0.0360055027085178
"t__d__Bacteria;p__Firmicutes_A;c__Clostridia;o__Oscillospirales;f__CAG-272;g__QALR01;s__QALR01 sp003150035",0.0267229554040962,0.0182659372709289,0.0310388586826542,0.0326479171519761,0.024566311869858,0.0234331367251311,0.0110879331110817,0.18590787836006,0,0.0564324319567379,0.0468361804652201,0.0650726343629244,0.049402657855454,0.0501915382068439,0.0514817408808028,0.0448725408202513
"t__d__Bacteria;p__Firmicutes_A;c__Clostridia;o__Oscillospirales;f__CAG-272;g__QALR01;s__QALR01 sp900542425",0.0039464156787869,0.011860568089719,0.0600685393073872,0.0612529207164031,0.0383340548798765,0.0752575022197839,0.018826785671998,0.21133946770224,0.0293991537980192,0.126108493678636,0.080296855865294,0.079739500141339,0.0591903290489687,0.0786781054118202,0.128846660645094,0.0708763568570243
"t__d__Bacteria;p__Firmicutes_A;c__Clostridia;o__Oscillospirales;f__CAG-272;g__RGIG2000",0.0342554761095022,0.0275301946763328,0.20718937471529,0.0186921953449183,0.0224056597963866,0.0268238891698654,0.0356335142589077,0.150433364790282,0.0183406752120275,0.0680911963597769,0.0788982107021687,0.168250985328398,0.131184729851924,0.0489080151507769,0.18028404634648,0.0811281018542025
"t__d__Bacteria;p__Firmicutes_A;c__Clostridia;o__Oscillospirales;f__CAG-272;g__RGIG8775",0.155031959010775,0.00700804962258651,0.0788351926504082,0.0830955745143091,0.0899981928058611,0.0960917117344253,0.0327584354032234,0.178239265458075,0.0489242863719437,0.0498760149787573,0.0503050455649556,0.0923140763056751,0.168096871664022,0.0953131813702042,0.058087203245225,0.0855983373800297
"t__d__Bacteria;p__Firmicutes_A;c__Clostridia;o__Oscillospirales;f__CAG-272;g__UBA1740",0.0329076518110783,0.035516309539779,0.0316422578920369,0.0171046914607222,0.0346613768408231,0.0495490540391106,0.0312591925185601,0.160574246361454,0.0601726240488291,0.0228189267696422,0.0611820839683534,0.117379968898702,0.066326600229988,0.0295667047586375,0.0607670349102556,0.0540952482698648
"t__d__Bacteria;p__Firmicutes_A;c__Clostridia;o__Oscillospirales;f__CAG-272;g__UBA1740;s__UBA1740 sp905210485",0.0249557531041559,0.0554555829518597,0.054150650467702,0.0382190559169465,0.00605809735050677,0.0923432706180914,0.00748525451999458,0.271844349195895,0.0458354463271657,0.05281535297704,0.0973081656661494,0.0399936100990717,0.0305113376609944,0.158397720918142,0.0626431974890068,0.0692011230175148
"t__d__Bacteria;p__Firmicutes_A;c__Clostridia;o__Oscillospirales;f__CAG-272;g__UMGS1002",0.0124167790601411,0.0286716639777597,0.0911250198728773,0.0563920011082765,0,0.0465778561196266,0.0435188879574347,0.174633061494564,0.05153782511415,0.0948855107853825,0.021778932512755,0.0806366733818672,0.0455665473196217,0.0667960870126603,0.0752171685488765,0.0593169342843995
"t__d__Bacteria;p__Firmicutes_A;c__Clostridia;o__Oscillospirales;f__CAG-272;g__UMGS1002;s__UMGS1002 sp900547565",0.0418460157322397,0.0284271163585358,0.0466769524701132,0.00591986545407529,0.0345387488195505,0.0365120967577624,0.0306716625662095,0.133192777806188,0.0499377249226129,0.0630571990141093,0.0242027939711372,0.108355315091217,0.0710540830986429,0.0635775830753524,0.0546990514968916,0.0528445991089759
"t__d__Bacteria;p__Firmicutes_A;c__Clostridia;o__Oscillospirales;f__CAG-272;g__UMGS1312",0.0167709998841326,0.0264487103468062,0.114148938056451,0.00309179824212626,0.0412978978192914,0.0577240845669411,0.0344385793540669,0.131044020400583,0.0588296174315468,0.0246064716895566,0.0585350110377713,0,0.0785246370770885,0.0475214629055027,0,0.0461988152541243
"t__d__Bacteria;p__Firmicutes_A;c__Clostridia;o__Oscillospirales;f__CAG-272;g__UMGS1312;s__UMGS1312 sp900550625",0.0660911044913097,0.0113014499340729,0.0927122799884458,0.0647639492557497,0.0211062611776266,0.0919515322042414,0.0176826051925571,0.216622084718509,0.102313613370153,0.0246195125193601,0.0887472100541974,0.0129674582375543,0.0253742672823094,0.0399774481898147,0.0357953079309468,0.0608017389697899
"t__d__Bacteria;p__Firmicutes_A;c__Clostridia;o__Oscillospirales;f__CAG-272;g__UMGS1696;s__UMGS1696 sp900763885",0.0097871108833915,0,0.116069720380223,0.0518367451042511,0.0416692070155992,0.0520258251323436,0.100188403280971,0.160004268872381,0.0153376929494926,0.0429589526531375,0.0655806778059156,0.0422001534904523,0.0762673710900374,0.064189502171052,0.076279419733097,0.0609596700374897
"t__d__Bacteria;p__Firmicutes_A;c__Clostridia;o__Oscillospirales;f__CAG-272;g__UMGS902;s__UMGS902 sp900546635",0.0474224305240016,0.0210157005732137,0.0771146372080704,0.0572139884873466,0.0210504087122609,0.109419339618278,0.077776248776408,0.373755694051192,0.0423034825615021,0.0261352974467722,0.0513948617545495,0.0672360568788461,0.0305916431331489,0.0409334725366188,0.0271548373915519,0.0713678733102507
"t__d__Bacteria;p__Firmicutes_A;c__Clostridia;o__Oscillospirales;f__CAG-272;g__UMGS902;s__UMGS902 sp900761025",0.0145562840153855,0,0.0741905388145519,0.0318847068676258,0.00838493977810591,0.0558525853273135,0.0275748006703852,0.0902564236904731,0.0319759652218283,0.0483390872483512,0,0.0244867542228308,0.00478706785243016,0.0549092269599617,0.0478361228304144,0.0343356335666438
"t__d__Bacteria;p__Firmicutes_A;c__Clostridia;o__Oscillospirales;f__CAG-272;g__UMGS911",0,0.0189648707817095,0.123387072033819,0,0.0079091985140999,0.0254622594814608,0.0226257107556611,0.196401577637728,0.0716407695589244,0.0263638336104162,0.0412474355072982,0.0834194820049327,0.0395813835417385,0.0455227836782372,0.0806337476322373,0.0522106749825508
"t__d__Bacteria;p__Firmicutes_A;c__Clostridia;o__Oscillospirales;f__CAG-272;g__UMGS911;s__UMGS911 sp003343545",0.0264333877741613,0.00841768429230908,0.0820182931717058,0.0743725065024416,0.0177634142138101,0.0347182363169157,0.0157070809816215,0.166406221476839,0.0924830287688229,0.0643316916529808,0.068077968931033,0.0735608114176944,0.0469695537450089,0.0847158909570103,0.0784042439224477,0.0622920009416534
"t__d__Bacteria;p__Firmicutes_A;c__Clostridia;o__Oscillospirales;f__CAG-382;g__UMGS1387",0.108262582149402,0.018777342188865,0.170022764367665,0.0845303507594709,0.015826070582144,0.094267029518165,0.00338275925422832,0.226291183754941,0.0868826229858401,0.0874142754708391,0.0416709455486513,0.0289682395300155,0.0536626658482874,0.115738661595858,0.0549504698937845,0.0793765308965438
"t__d__Bacteria;p__Firmicutes_A;c__Clostridia;o__Oscillospirales;f__CAG-382;g__UMGS1387;s__UMGS1387 sp900551295",0.00913463682449873,0.043056998990664,0.0124396217074829,0.0159448452201083,0.0175628474915149,0.115025515466701,0.0381796989754749,0.142174392541137,0.0425492205858291,0.0353580686109873,0.00857306663605156,0.0392417172802957,0.0575336038209846,0.0516565093542895,0.160390794612031,0.0525881025412034
"t__d__Bacteria;p__Firmicutes_A;c__Clostridia;o__Oscillospirales;f__CAG-382;g__UMGS882",0.0152243947074979,0.0637200491874866,0.0724591450692595,0.0841144291974462,0.0569683302181632,0.0255518827028624,0.052680294246829,0.125288609987488,0.00994546485962126,0.0981535583417058,0.10045156577825,0.0960999277592711,0.061374316672011,0.13723301875435,0.0610530508602788,0.0706878692228347
"t__d__Bacteria;p__Firmicutes_A;c__Clostridia;o__Oscillospirales;f__CAG-382;g__UMGS882;s__UMGS882 sp003343885",0.0386524461727169,0.00148644130063293,0.075741403511469,0.02317989393377,0.00836412609780565,0.0712714004079488,0.0364765257149064,0.274302916825877,0.0638172125996408,0.021721859881502,0.0425455789414752,0.0717653743464446,0.0199864112357354,0.0331721152551501,0.049569512399327,0.0554702145749601
"t__d__Bacteria;p__Firmicutes_A;c__Clostridia;o__Oscillospirales;f__CAG-382;g__Woodwardibium",0.00556222566517096,0.0206472202295088,0.0596736095816671,0.0131916724997387,0.0140887841976305,0.0466851202721545,0.0534901847468266,0.0362242599309716,0.0246481028275683,0.0461865647819395,0.0391336123064397,0.00814774032235273,0.0239778109919694,0.0948995093841817,0.070308455448599,0.0371243248791146
"t__d__Bacteria;p__Firmicutes_A;c__Clostridia;o__Oscillospirales;f__CAG-382;g__Woodwardibium;s__Woodwardibium gallinarum",0.00731215718496108,0.0141270922734257,0.00853002631370259,0.0146860416500997,0.0189114585899639,0.0750498406364783,0.0279861030388619,0.217650338040638,0.00975307331673875,0.00699517521607692,0.0321589792347685,0.0105603252713017,0.0192996411441848,0.00374969631046918,0.0591588900542638,0.035061922551729
"t__d__Bacteria;p__Firmicutes_A;c__Clostridia;o__Oscillospirales;f__Oscillospiraceae;g__Alloscillospira",0.00565477517707064,0,0.0485682585977223,0.0509728635956099,0.029592239338469,0,0.0649005832923943,0.150232851497327,0.0458045103348329,0.00863863012031762,0.0235699631470276,0.035647753457831,0.0614820733032708,0.0642708138897488,0.0885750531560745,0.0451940245938464
"t__d__Bacteria;p__Firmicutes_A;c__Clostridia;o__Oscillospirales;f__Oscillospiraceae;g__Alloscillospira;s__Alloscillospira gallinarum",0.0187495871468964,0.0176046774551486,0.0426434484994637,0,0,0.0373022681670984,0.0176679987617668,0.0532960855360931,0,0.0255723445169564,0.0291775172419684,0,0.0335540296418622,0.0105480587516242,0.0331557181663529,0.0212847822590154
"t__d__Bacteria;p__Firmicutes_A;c__Clostridia;o__Oscillospirales;f__Oscillospiraceae;g__An92",0.064504347015548,0.0679289684210947,0.135536125527133,0.0198453013047346,0.0887555154450236,0.0744967836071753,0.0846420486110177,0.19077403886557,0.190459154228442,0.0875143291679185,0.090150960898957,0.0420914719088762,0.0365361952820247,0.0830657477878513,0.0615712255742064,0.0878581475763715
"t__d__Bacteria;p__Firmicutes_A;c__Clostridia;o__Oscillospirales;f__Oscillospiraceae;g__An92;s__An92 sp002159175",0.0764851830769182,0.0368625163467937,0.0314158396662271,0.291958708752183,0.06202464035653,0.0906715308250792,0.0747525879601427,0.166771087027965,0,0.245893243147193,0.184202918640302,0.176264074869501,0.072029598943405,0.164781072954899,0.0648558524261653,0.115931256999554
"t__d__Bacteria;p__Firmicutes_A;c__Clostridia;o__Oscillospirales;f__Oscillospiraceae;g__An92;s__An92 sp016901735",0.0659672059076809,0.00317958125571541,0.162868368679715,0.0336743380601702,0.0390402166326674,0.0213840996533522,0.029514249163239,0.040011601307512,0,0.0163196051187648,0.0406707633439658,0.0284919740798685,0.0441408971781891,0.0854462858689167,0.0677282991106012,0.0452291656906905
"t__d__Bacteria;p__Firmicutes_A;c__Clostridia;o__Oscillospirales;f__Oscillospiraceae;g__An92;s__An92 sp019114165",0,0.0121175024726805,0.239727712963317,0.0937836126304421,0.0279112398208896,0.1065996090827,0.0786267167722857,0.19559068462368,0.0676189648282653,0.0175037166309053,0.0518728435703766,0.0900783410896785,0.139753077695677,0.0435463822209489,0.0513317435431564,0.0810708098630003
"t__d__Bacteria;p__Firmicutes_A;c__Clostridia;o__Oscillospirales;f__Oscillospiraceae;g__An92;s__An92 sp019115265",0.0445125929347255,0.0225158974810856,0.0229567564238094,0.0190578884936116,0.0486835338051152,0.0292351509974729,0.0196759762182209,0.192919165343349,0.0362099779302879,0.0756765064731277,0.0685087962187324,0.075205323838912,0.0555158942757536,0.0724173216084113,0.110126507183074,0.0595478192817127
"t__d__Bacteria;p__Firmicutes_A;c__Clostridia;o__Oscillospirales;f__Oscillospiraceae;g__An92;s__An92 sp019118925",0.0376412176784548,0.0386461021981271,0.126817908446655,0.152559476750946,0.0356917220821158,0.143311674311202,0.0370151611290316,0.469362193112132,0.0502644894462702,0.0564742200561928,0.045218698877644,0.0145396478394422,0.108905331090841,0.0401308133428891,0.0773883794917012,0.095597802390243
"t__d__Bacteria;p__Firmicutes_A;c__Clostridia;o__Oscillospirales;f__Oscillospiraceae;g__Avoscillospira",0.0414335286664355,0.0318686083737158,0.154635790704187,0.0841826153850765,0.00973272418463391,0.102523593189356,0.0490994567193305,0.16025161433522,0.0125016667060015,0.00673055510099507,0.0178506053215837,0.0524780624126769,0.147529996172725,0.0447715409233515,0.0453756806546155,0.0640644025899936
"t__d__Bacteria;p__Firmicutes_A;c__Clostridia;o__Oscillospirales;f__Oscillospiraceae;g__Avoscillospira_A",0.0194038618478326,0.00300550181339843,0.120698915058598,0.0618310348782101,0.0683733308834039,0.15525511375538,0.0339700290773012,0.250127915859463,0.0776717962518772,0.132623885102345,0.0592002563539554,0.0570006582195173,0.0379457901193516,0.130827261278392,0.118864473705945,0.0884533216136647
"t__d__Bacteria;p__Firmicutes_A;c__Clostridia;o__Oscillospirales;f__Oscillospiraceae;g__Avoscillospira_A;s__Avoscillospira_A avistercoris",0.023590215270449,0.0171642330124551,0.094553090772378,0.13566358573101,0.103594976368553,0.0183922875458878,0.0956042844120338,0.186424697025478,0.047311507881239,0.036303230101649,0.0138906637260347,0.0578988990051762,0.0164552106620877,0.118021432002976,0.134938461022727,0.073320451636009
"t__d__Bacteria;p__Firmicutes_A;c__Clostridia;o__Oscillospirales;f__Oscillospiraceae;g__Avoscillospira;s__Avoscillospira stercoripullorum",0.0140826282552349,0.0192785771226376,0.0433737213206023,0,0.0211444152822598,0.0740234223689625,0.0198587037300589,0.308986974963245,0.0228809837866369,0.045500658287068,0.081157249743662,0.0890635183443818,0.0370893471623925,0.0339136067057397,0.0678034715372508,0.0585438185740089
"t__d__Bacteria;p__Firmicutes_A;c__Clostridia;o__Oscillospirales;f__Oscillospiraceae;g__CAG-83;s__CAG-83 sp900550585",0.0224672019855774,0,0.0523544782824133,0.0176232499801197,0.0172849403640381,0.0136881063081896,0,0.184977612411157,0.0376245737215159,0.0631515045415753,0.0801820904812722,0.118382542756,0.0573443428882294,0.053560930142301,0.10065675475602,0.0546198885745606
"t__d__Bacteria;p__Firmicutes_A;c__Clostridia;o__Oscillospirales;f__Oscillospiraceae;g__CAG-83;s__CAG-83 sp900552475",0.0272053163542997,0.0028580084195786,0.167511438351483,0.0534872818538038,0.0139932805426495,0.0107901420269208,0.0287012697054104,0.118736245772606,0.0476645089469533,0.0867273314035981,0.0531912049535026,0.0647263575032752,0.0459936098572534,0.152282792333182,0.00964226422512194,0.0589007368166426
"t__d__Bacteria;p__Firmicutes_A;c__Clostridia;o__Oscillospirales;f__Oscillospiraceae;g__CAG-83;s__CAG-83 sp900554275",0,0.00555716991791332,0.0760505743152834,0.0435325355738488,0.0101689695181284,0.0696100940976501,0.0376814529990016,0.21640160423027,0.0748854996892903,0.0700064035730218,0.0246226006970796,0.0363110599969464,0,0.0204733418551617,0.0440392315291178,0.0486227025328476
"t__d__Bacteria;p__Firmicutes_A;c__Clostridia;o__Oscillospirales;f__Oscillospiraceae;g__CAG-83;s__CAG-83 sp900555735",0.0185897441072358,0.0109916783443282,0.0498704910594935,0.0482878996383094,0.008425717600735,0.0584569432813742,0.0204434454473898,0.354704507986432,0.0345268818702997,0.0329739912040146,0.0159781740223081,0.0726130537534039,0.0213242113426434,0.0543682579956236,0.0263611420806243,0.0551944093156144
"t__d__Bacteria;p__Firmicutes_A;c__Clostridia;o__Oscillospirales;f__Oscillospiraceae;g__CAG-83;s__CAG-83 sp900757415",0.0244639928977827,0.0273934221561529,0.110229396348559,0.0207837548498488,0.029305532710038,0.0339475947905798,0.0364948213089534,0.240362819259634,0.029481083584324,0.0522560684165393,0.0120485458710626,0.0246056716787415,0.0160335688200226,0.00684436545796872,0.020714569818419,0.0456643471979084
"t__d__Bacteria;p__Firmicutes_A;c__Clostridia;o__Oscillospirales;f__Oscillospiraceae;g__CAJFPI01",0.0132566157997261,0.0132377995661801,0.0134075144663322,0.0556812736394965,0.075728170357343,0.00689710782970791,0.0116631160819185,0.251170857508731,0.0693585341068581,0.0317152403057356,0.0551186651584034,0.0640764377699033,0.0197803802082702,0.019748400568471,0.0714903335622923,0.0514886964619579
"t__d__Bacteria;p__Firmicutes_A;c__Clostridia;o__Oscillospirales;f__Oscillospiraceae;g__CAJFPI01;s__CAJFPI01 sp904419145",0.0581324066871404,0.04003486420172,0.0550232680757952,0.0627603211967871,0.00762672713859634,0.071781096981611,0.0351673262777973,0.0895750579843387,0.0576377444738005,0.0461984173516673,0.067975024597997,0.0214022592165048,0.00589177581837558,0.0850548495182606,0.176817246408765,0.0587385590619438
"t__d__Bacteria;p__Firmicutes_A;c__Clostridia;o__Oscillospirales;f__Oscillospiraceae;g__CAJFPI01;s__CAJFPI01 sp904420145",0.0500029438738089,0.0250101714232456,0.0622323625682035,0.091675896322443,0.0356012453967806,0.0654848853779298,0.0383851541267921,0.319768421960779,0.0109853461932581,0.0268557457856988,0.0709142619123437,0.112752011505547,0.0311009388338511,0.0641043276754382,0.090438210304317,0.0730207948840291
"t__d__Bacteria;p__Firmicutes_A;c__Clostridia;o__Oscillospirales;f__Oscillospiraceae;g__Dysosmobacter;s__Dysosmobacter excrementavium",0.0257978110844966,0.00586150369309502,0.0609523735570467,0.0750424019762842,0.0423220712103441,0.0128433656289466,0.0348083315810987,0.196422431893049,0.034289847218675,0.0192552948921091,0.0880817894560368,0.0862344924744171,0.0140429404069845,0.028711960320164,0.0661077560394414,0.0527182914288126
"t__d__Bacteria;p__Firmicutes_A;c__Clostridia;o__Oscillospirales;f__Oscillospiraceae;g__Dysosmobacter;s__Dysosmobacter excrementigallinarum",0.0215146821174155,0.0114872078194202,0.163322494235384,0.0812346920017974,0.0184006485433045,0.0412018680835657,0.0324108814016234,0.228276141436419,0.0280506839975318,0.0441368731408807,0.041364762380399,0.0120003696264792,0.0793266098098145,0.0973201477085918,0.0759110088636959,0.0650639380777549
"t__d__Bacteria;p__Firmicutes_A;c__Clostridia;o__Oscillospirales;f__Oscillospiraceae;g__Dysosmobacter;s__Dysosmobacter sp000436875",0.0173393286859391,0.0435914840010972,0.0337373928037182,0.0664489787733911,0.0236394282972134,0.0445467441389541,0.0853987834046224,0.142033749847833,0.012093171221604,0.0520414934961731,0.0540924284515507,0.0437197787031879,0.077921772562257,0.0625240248696243,0.183818904653426,0.0628631642607061
"t__d__Bacteria;p__Firmicutes_A;c__Clostridia;o__Oscillospirales;f__Oscillospiraceae;g__Dysosmobacter;s__Dysosmobacter sp009774015",0.0308967180347912,0.0182642484823499,0.228427061021105,0.0567270063606726,0.00479306632641801,0.0872634197375482,0.0681885862416324,0.159661781329428,0.147898868125454,0.088664795501179,0.0667397715351117,0.0744410644901908,0.0408517021179409,0.0502524112802641,0.071409154520427,0.0796319770069675
"t__d__Bacteria;p__Firmicutes_A;c__Clostridia;o__Oscillospirales;f__Oscillospiraceae;g__Dysosmobacter;s__Dysosmobacter sp018228705",0.0255799488997732,0.0624640711514624,0.112651451402185,0.0168416579563274,0.0135520945920703,0.0120513274586388,0.0784066406571762,0.301397303258676,0,0.0448860993126971,0.0492859111658423,0.0439854619286746,0.0620668553819067,0.0453520096036241,0.0572427478697683,0.0617175720425882
"t__d__Bacteria;p__Firmicutes_A;c__Clostridia;o__Oscillospirales;f__Oscillospiraceae;g__Dysosmobacter;s__Dysosmobacter sp900548505",0.0511292669399517,0.0263096139256031,0.129037190069919,0.0264812320480698,0.0206085119877162,0.0105382305671577,0.0287395174486381,0.102200761526048,0.0090951278945778,0.0727026177357273,0.124933199893818,0.0947728026380152,0.0943105083205815,0.0494994287585237,0.0802120017418813,0.0613713340997485
"t__d__Bacteria;p__Firmicutes_A;c__Clostridia;o__Oscillospirales;f__Oscillospiraceae;g__Dysosmobacter;s__Dysosmobacter sp900763685",0.0564681524719716,0.034690523997822,0.145890413263732,0.02277709400991,0.0564738015025173,0.0681384019952322,0.0302796753528784,0.196363194022214,0.0657828177950935,0.0447046921374811,0.0555652593777331,0.0662277604967723,0.0311494243153615,0.134727009171455,0.0409559641841329,0.0700129456062872
"t__d__Bacteria;p__Firmicutes_A;c__Clostridia;o__Oscillospirales;f__Oscillospiraceae;g__Dysosmobacter;s__Dysosmobacter sp904393855",0.0153640752934002,0.0180299290670077,0.0401549166062354,0.0335045890948026,0.0291823454712849,0.0132490824426037,0.0187259153412195,0.0939845485042082,0.0287555029385822,0.00957234503252632,0.00501488577596331,0.0231950001494662,0.0542306400996731,0.0531636978141139,0.0070660867603947,0.0295462373594321
"t__d__Bacteria;p__Firmicutes_A;c__Clostridia;o__Oscillospirales;f__Oscillospiraceae;g__Dysosmobacter;s__Dysosmobacter sp905200545",0.0689453580643271,0.0177351123742767,0.101346369589341,0.0107182339060377,0.0230470041388976,0.0519534359505565,0.0907716298138181,0.0979223336450981,0.0667837698427967,0.038707651192689,0.121289285672189,0.0718082697347846,0.0774177402531126,0.0478403838913491,0.0979883640302844,0.0656183294733038
"t__d__Bacteria;p__Firmicutes_A;c__Clostridia;o__Oscillospirales;f__Oscillospiraceae;g__Dysosmobacter;s__Dysosmobacter sp910584995",0.0389646889934789,0.0238411940030192,0.0712320295559186,0,0.0240161503026079,0.00599195279796847,0.0502089562785414,0.120810989309144,0.0112051975661199,0.048160860944898,0.0569470401739483,0.073625199913807,0.0120522895173557,0.0250023040568774,0.0621488529990899,0.041613847094185
"t__d__Bacteria;p__Firmicutes_A;c__Clostridia;o__Oscillospirales;f__Oscillospiraceae;g__Dysosmobacter;s__Dysosmobacter sp910587705",0.0340872159172723,0.039562383116668,0.137406421814233,0.0355783956763275,0.0442082912660226,0.0842210738603616,0.0334940148936023,0.293437480606037,0.0335371357365215,0.0864822917522408,0.0352656838226021,0.0417812869161918,0.0857313719270854,0.106883615972091,0.0424782124080869,0.0756103250456895
"t__d__Bacteria;p__Firmicutes_A;c__Clostridia;o__Oscillospirales;f__Oscillospiraceae;g__Dysosmobacter;s__Dysosmobacter sp910588005",0,0.00913453679628786,0.040112995536745,0.0577804542623603,0.0470647752905998,0.104500361433893,0.0623632446443428,0.172301995095995,0.0436334811490797,0.00691336030126901,0.115370995275913,0.124109870204132,0.0550445114920298,0.0874032744346804,0.0858719756477521,0.0674403887710053
"t__d__Bacteria;p__Firmicutes_A;c__Clostridia;o__Oscillospirales;f__Oscillospiraceae;g__Enterenecus;s__Enterenecus capillosus_A",0.0715752866499686,0.0262098273017086,0.0540609046742896,0.0546545080579776,0.0592732298843653,0.0248500240619995,0.0122189364576974,0.283944678848381,0.0472419487374091,0.0381391888512047,0.0220294068096557,0.0844614973325864,0.0477932716426455,0.170897421108081,0.105394651759681,0.0735163188118434
"t__d__Bacteria;p__Firmicutes_A;c__Clostridia;o__Oscillospirales;f__Oscillospiraceae;g__Enterenecus;s__Enterenecus faecium",0.0235846852420962,0.0200890317441711,0.0170837471449432,0.0689827040506734,0.0320753569439541,0.0181470570452759,0.0810365870057437,0.163472628678369,0.0228136124688993,0.0793715650417767,0.0241535325435077,0.049070178089875,0.0134037899868044,0.0916589955240105,0.0572304878820609,0.0508115972928108
"t__d__Bacteria;p__Firmicutes_A;c__Clostridia;o__Oscillospirales;f__Oscillospiraceae;g__Enterenecus;s__Enterenecus merdae",0.0876986240393591,0.00764170918891674,0.10793574677163,0.0375330150259219,0,0.0729025866417843,0.0403364837067403,0.160001424446878,0.0690692843994088,0.0170843323775704,0.0812835590902629,0.0313373624427246,0.0268690353646307,0.0593010518004443,0.0513058590044306,0.0566866716200469
"t__d__Bacteria;p__Firmicutes_A;c__Clostridia;o__Oscillospirales;f__Oscillospiraceae;g__Enterenecus;s__Enterenecus sp002161235",0.0289539098430596,0.0216642539183927,0.0414441413809987,0.0486995079929046,0.0153745134381228,0.0902377842170726,0.0185593323494911,0.123360642816257,0.0435081177298505,0.0806401721860276,0.0876616540508634,0.100200003573258,0.0311718037090701,0.0753669144416229,0.0732578054731519,0.0586733704746762
"t__d__Bacteria;p__Firmicutes_A;c__Clostridia;o__Oscillospirales;f__Oscillospiraceae;g__Enterenecus;s__Enterenecus sp910579155",0.0414895850749467,0.0447992729464275,0.0891125709508756,0.0972732613725635,0.0484291359725343,0.0223527022364938,0.0245920537569517,0.217773943991322,0.0219513441588035,0.0345034221585379,0.0467551044304678,0.0631998858324534,0.0242376479033591,0.0104915745252522,0.0799562277013585,0.0577945155341565
"t__d__Bacteria;p__Firmicutes_A;c__Clostridia;o__Oscillospirales;f__Oscillospiraceae;g__Enterenecus;s__Enterenecus sp910585265",0.0209126300927169,0,0.103503130886281,0.00538926096750071,0.00907118303605777,0.0720183647219939,0.00858203272586949,0.205452370105706,0.0258287375414195,0,0.112507959249916,0.0501182715253533,0.0230488452154045,0,0.0233820618441946,0.0439876565274943
"t__d__Bacteria;p__Firmicutes_A;c__Clostridia;o__Oscillospirales;f__Oscillospiraceae;g__Enterenecus;s__Enterenecus stercoripullorum",0.0074568463873459,0.0116490223627272,0.00936630340328128,0.0466940811439069,0.0352524276628453,0.0534028788760032,0.012122634057937,0.182909227427534,0.0224887531571776,0.051335854043435,0.0681986820721524,0.0179119363255541,0.0478202161199417,0.0238287490111615,0.0682540836399659,0.0439127797127312
"t__d__Bacteria;p__Firmicutes_A;c__Clostridia;o__Oscillospirales;f__Oscillospiraceae;g__ER4;s__ER4 sp000765235",0.0380753242778519,0.026680784074493,0.0846817515358105,0.0503793699618724,0.0592415878557133,0.0609837174285638,0.0795597040314775,0.407655690338285,0.0844670527144652,0.0966571919728495,0.107598842176279,0.0846371066573815,0.105784854792944,0.122057350523611,0.125793245901729,0.102283571616222
"t__d__Bacteria;p__Firmicutes_A;c__Clostridia;o__Oscillospirales;f__Oscillospiraceae;g__ER4;s__ER4 sp002405995",0.0112327549884042,0.00910304852712268,0.0589629616630134,0.0305631787649218,0,0.122417894195991,0.0620065444978184,0.28823969751314,0.0942441782168848,0.0262373026128598,0.126320513981859,0.0480547583424916,0.0194756020215219,0.0569573157352771,0.0720390774073813,0.0683903218979125
"t__d__Bacteria;p__Firmicutes_A;c__Clostridia;o__Oscillospirales;f__Oscillospiraceae;g__ER4;s__ER4 sp003522105",0.0125126940088372,0.0328653160474049,0.0426351666100678,0.123048112267496,0.0356041510172238,0.130125204477012,0.0504545197773129,0.219068553309962,0.134215112294062,0.0547569026511601,0.0140822045022,0.0475605635999086,0.0240700596775448,0.072939503888171,0.103042968745942,0.073132068858287
"t__d__Bacteria;p__Firmicutes_A;c__Clostridia;o__Oscillospirales;f__Oscillospiraceae;g__Evtepia",0.206668396891337,0.0768652178507559,0.0638242630624978,0.199382610501793,0.126910707954114,0.124722315651439,0.0277842662873086,0.469373087459784,0.0374087015351683,0.176915897285929,0.237856710947163,0.1879128429387,0.0807636678720957,0.151219654822111,0.189910136647245,0.157167898513829
"t__d__Bacteria;p__Firmicutes_A;c__Clostridia;o__Oscillospirales;f__Oscillospiraceae;g__Evtepia;s__Evtepia gabavorous",0.0399775537096116,0.0444817969427348,0.0902810408388737,0.055302632928934,0.0540442816645699,0.137940844361414,0.051050803054396,0.388141091050851,0.0550121003562346,0.0332524043128204,0.173586806019471,0.133446811688517,0.108172244173336,0.208236936093508,0.131836458364087,0.113650920370624
"t__d__Bacteria;p__Firmicutes_A;c__Clostridia;o__Oscillospirales;f__Oscillospiraceae;g__Faecousia;s__Faecousia gallistercoris",0.0339854629858862,0.00824716231296122,0.063265973010086,0.0406331422392233,0,0.0362721253374575,0.0101420604942143,0.20308281762808,0.0304199489693057,0.0554254761542903,0.0522954925778602,0.023316580248966,0.101656714513475,0.0198389829702937,0.0501246008007976,0.0485804360161931
"t__d__Bacteria;p__Firmicutes_A;c__Clostridia;o__Oscillospirales;f__Oscillospiraceae;g__Faecousia;s__Faecousia sp000435995",0.0231323855192444,0.0387226758582082,0.0619348242075461,0.0703461750089052,0.024793882220921,0.124598212174463,0.0354263369059646,0.23126233404782,0.0498869541318267,0.102709003357389,0.0698331430064066,0.0596925642954698,0.0765097232997287,0.0143509544147819,0.0261104302440023,0.0672873065795118
"t__d__Bacteria;p__Firmicutes_A;c__Clostridia;o__Oscillospirales;f__Oscillospiraceae;g__Faecousia;s__Faecousia sp002436765",0.0173445326371346,0.00550967273912774,0.0145589646650541,0,0.038532113716322,0.0310987282318288,0.0140142883389459,0.170643813840718,0.0391990790279686,0.0174994432625872,0.0134802049231397,0.0246957419841952,0.0518665511038446,0.0415127239672647,0.0498060976513932,0.0353174637393016
"t__d__Bacteria;p__Firmicutes_A;c__Clostridia;o__Oscillospirales;f__Oscillospiraceae;g__Faecousia;s__Faecousia sp017622995",0.0288801811048703,0.0256084917204122,0.0282714651126129,0,0.00381336356929817,0.0457645225822703,0.00414557454689401,0.222167734610187,0.0138907407844461,0.0511818288007991,0.0330234720078385,0.049828897430081,0.0595201715694218,0.0204150132458878,0.0497027449884092,0.0424142801382286
"t__d__Bacteria;p__Firmicutes_A;c__Clostridia;o__Oscillospirales;f__Oscillospiraceae;g__Faecousia;s__Faecousia sp900549705",0.0432771241125639,0.0336334211979725,0.0787314256610595,0.0301461482280623,0.0316805997777344,0.0400766047908151,0.0503820461105396,0.0986332465311456,0.0173785845270486,0.0945019691806535,0.00601786293115598,0.0881342375353528,0.0494383104537726,0.0609310649294276,0.0558696589329619,0.0519221536600177
"t__d__Bacteria;p__Firmicutes_A;c__Clostridia;o__Oscillospirales;f__Oscillospiraceae;g__Faecousia;s__Faecousia sp900762245",0.0153272456437529,0.0189275884991095,0.0820179325289074,0.0362244229259399,0.0587758622411402,0.0574629444743141,0.0300412910113209,0.227416355899329,0.0289941709405469,0.00574340701951579,0.023854734418413,0.0717850167871213,0.0182291061291549,0.0312474692539099,0.161151052965354,0.0578132400491886
"t__d__Bacteria;p__Firmicutes_A;c__Clostridia;o__Oscillospirales;f__Oscillospiraceae;g__Flavonifractor",0.0500152099884476,0.00580567984839889,0.0498315377585484,0.0466512761859275,0.0194709609232871,0.00679099847848164,0.0143269803708493,0.300922966040342,0.0334748575614645,0.0542945689374662,0.051091366401677,0.0636700907892137,0.059252763477451,0.14298290079321,0.0752660858969459,0.0649232162301141
"t__d__Bacteria;p__Firmicutes_A;c__Clostridia;o__Oscillospirales;f__Oscillospiraceae;g__Flavonifractor;s__Flavonifractor avicola",0.0192641336850047,0,0.0912898018363838,0.116687907442599,0.034914912085675,0.00490461001223674,0.0245170513974165,0.0816059015185149,0.019762954987593,0.0812576503131034,0.0891916727153046,0.113400521943169,0.071023070499292,0.0354778958605931,0.00662445633787003,0.0526615027089837
"t__d__Bacteria;p__Firmicutes_A;c__Clostridia;o__Oscillospirales;f__Oscillospiraceae;g__Flavonifractor;s__Flavonifractor avistercoris",0.0393442940438254,0.00523524459503326,0.0414322333670565,0.0314825348184724,0.0202069750348871,0.0499191236187523,0.0283597875255071,0.317423427421932,0.026243612576142,0.0435004538228076,0.0718362134763687,0.0418718175496855,0.0174692942839028,0.115968779921264,0.0390368833248642,0.0592887116920334
"t__d__Bacteria;p__Firmicutes_A;c__Clostridia;o__Oscillospirales;f__Oscillospiraceae;g__Flavonifractor;s__Flavonifractor intestinigallinarum",0.0389340685725371,0,0.0274549768508682,0.0205825425832977,0.0206312746954337,0.0722309372227947,0.0230337729082156,0.295853165753857,0.0265293314808406,0.069228125854441,0.014813201061307,0.0113523496666493,0.0744510719597635,0.0239870682659465,0.0775529146700364,0.0531089867697325
"t__d__Bacteria;p__Firmicutes_A;c__Clostridia;o__Oscillospirales;f__Oscillospiraceae;g__Flavonifractor;s__Flavonifractor massiliensis_A",0.0375726775724063,0.00761080719622039,0.0408142609577313,0.0865652165395709,0.0347359677449105,0.0481177275129083,0.0337513710022454,0.147953328234523,0.0297024239331895,0.0134810525874746,0.0271501305894199,0.0444676127104252,0.0469487247156854,0.033415562889835,0.0364254451944402,0.0445808206253991
"t__d__Bacteria;p__Firmicutes_A;c__Clostridia;o__Oscillospirales;f__Oscillospiraceae;g__Flavonifractor;s__Flavonifractor merdavium",0.0512577162549333,0.0201199160380852,0.109107494854805,0.0468422089149442,0.0418016487351092,0.0472172684308355,0.0424040425574808,0.192897219138839,0.0536420996555542,0.0305577146777416,0.0302684177192072,0.00749851667803144,0.0683310763999052,0.0639771959475736,0.112971538351961,0.0612596049570004
"t__d__Bacteria;p__Firmicutes_A;c__Clostridia;o__Oscillospirales;f__Oscillospiraceae;g__Flavonifractor;s__Flavonifractor phocaeensis_A",0.0194275276424794,0.00329313772913382,0.0654970504879773,0.0170103145391368,0.00149144886265885,0.0301303397770967,0.00713725029463557,0.215361105449927,0.0273221769632443,0.0178284926230803,0.0414867823284238,0.0453687820309385,0.0465763701308651,0.0540789731800362,0.138956913872884,0.0487311110608345
"t__d__Bacteria;p__Firmicutes_A;c__Clostridia;o__Oscillospirales;f__Oscillospiraceae;g__Flavonifractor;s__Flavonifractor sp002159265",0.0385789315442271,0.00911041124515867,0.027155429514633,0,0.0208161099249793,0.0487702328960311,0.0184969731611676,0.154006866802043,0.0483254879291763,0.0475289749424946,0.0140701046264882,0.0583108471684032,0.0558787745907919,0.0632870056335468,0.0537739085104862,0.0438740038993085
"t__d__Bacteria;p__Firmicutes_A;c__Clostridia;o__Oscillospirales;f__Oscillospiraceae;g__Flavonifractor;s__Flavonifractor sp002159455",0.0368806296648601,0.0070444278710259,0.0159227157855782,0.0397314566105493,0.0254224237953211,0.00725329649696981,0.0168865982851088,0.131137060418469,0.0190997685786134,0.0142768069897402,0.0375580480848356,0.0489900900538774,0.0483616598424996,0.00725747672994035,0.0654304466907129,0.0347501937265401
"t__d__Bacteria;p__Firmicutes_A;c__Clostridia;o__Oscillospirales;f__Oscillospiraceae;g__Galloscillospira_A",0.0492040920303704,0.0661100871090867,0.134373542548293,0.088320608509757,0.0748841458057972,0.0366340281821335,0.054621138078956,0.182971648380806,0.0667393924350396,0.0646196111862254,0.0784003375678999,0.105511851445639,0.0997642410950605,0.0197435932655089,0.0776796368190712,0.0799718636306429
"t__d__Bacteria;p__Firmicutes_A;c__Clostridia;o__Oscillospirales;f__Oscillospiraceae;g__Galloscillospira_A;s__Galloscillospira_A excrementavium",0.0147684370057688,0.0158482253214565,0.0351626640264851,0.0729176145216116,0.0247391000819949,0.0784655154015164,0.0268108138113859,0.0515275274699584,0.0458056685117927,0.0447240796611763,0.131503050567694,0.0786214565725709,0.0115254798730937,0.0275704855545526,0.0588048965326246,0.0479196676609122
"t__d__Bacteria;p__Firmicutes_A;c__Clostridia;o__Oscillospirales;f__Oscillospiraceae;g__Galloscillospira_A;s__Galloscillospira_A stercoripullorum",0.00211187255776886,0.0189599782015041,0.00585737590188429,0.023522133596573,0.0133972138095978,0.00367845750917755,0.0218182399817493,0.303800449969017,0,0.0453702494164336,0.094683395101732,0.0367474175809701,0.0879166655907753,0.0432219434687601,0.0635360707226941,0.0509747642272424
"t__d__Bacteria;p__Firmicutes_A;c__Clostridia;o__Oscillospirales;f__Oscillospiraceae;g__HGM13010;s__HGM13010 sp900754965",0.0181784716112704,0.0413577922859501,0.0342476138873245,0.0906503465535708,0.0516373885989974,0.0468037913495316,0.024951969687074,0.229198420962791,0.114706402797494,0.0277564904852603,0.0763255350180339,0.0297574879966323,0.0321789353377293,0.0203929736357072,0.10826434664466,0.0630938644568017
"t__d__Bacteria;p__Firmicutes_A;c__Clostridia;o__Oscillospirales;f__Oscillospiraceae;g__Instestinimonas_A",0.0428506517162761,0.0161720932513947,0.0688531208333614,0.0268352232040959,0.0105713779375624,0.112139806469578,0.0462620148568912,0.185037095909205,0.0661987770302115,0.0336548058383391,0.0394231120694628,0.0367447498216493,0.109783215268233,0.0416967977834341,0.142661657080865,0.065258966604704
"t__d__Bacteria;p__Firmicutes_A;c__Clostridia;o__Oscillospirales;f__Oscillospiraceae;g__Instestinimonas_A;s__Instestinimonas_A gabonensis",0.0275782970259952,0.00931487529097852,0.0680448719775127,0.103133215438409,0.0484696039319466,0.119169797856142,0.038007038473412,0.275663159147412,0.00509327162096357,0.0861917583096955,0.0359258198260737,0.0650391752609499,0.0992271985014744,0.0677063052173365,0.0210860490313241,0.0713100291273084
"t__d__Bacteria;p__Firmicutes_A;c__Clostridia;o__Oscillospirales;f__Oscillospiraceae;g__Intestinimonas;s__Intestinimonas merdavium",0.062406513225642,0.0132572919148766,0,0.0652717098920768,0.0386470958104424,0.0241312143699887,0.0323308754620463,0.311106389924894,0.0384317090829687,0.207198937029469,0.0440128367238569,0.0231577612257445,0.150385931083189,0.0725587239474208,0.106469154831878,0.0792910763016329
"t__d__Bacteria;p__Firmicutes_A;c__Clostridia;o__Oscillospirales;f__Oscillospiraceae;g__Intestinimonas;s__Intestinimonas pullistercoris",0.00764326754702955,0.0349786432202553,0.0807766790496366,0,0.0312953360113056,0,0.0356509875693595,0.181177283165414,0.0280205531993018,0.0255141671258372,0.0767124490722033,0.0602947142958994,0.0894870297446071,0.146717385430756,0.0700858606176456,0.0578902904032834
"t__d__Bacteria;p__Firmicutes_A;c__Clostridia;o__Oscillospirales;f__Oscillospiraceae;g__Intestinimonas;s__Intestinimonas sp900540545",0.00420483282397561,0.00219542515275588,0.0825237357804786,0.0686262523480484,0.0694008339346448,0.0203729954354449,0.0426336935120191,0.243640591948697,0.0120036740025313,0.0434073488677384,0.0779868792972494,0.0324130992045626,0.039066772193973,0.0705591290346705,0.0496923714787572,0.0572485090010365
"t__d__Bacteria;p__Firmicutes_A;c__Clostridia;o__Oscillospirales;f__Oscillospiraceae;g__Intestinimonas;s__Intestinimonas stercoravium",0.0193233624640451,0.032714538350424,0.0304221403809212,0.00309179824212626,0.0682319462943018,0.118193303582719,0.0204047573682568,0.191937794925969,0.0340491645225447,0.0759140558579784,0.0441802160013398,0.0320013830017545,0.0768299188380697,0.0296009098640922,0.08109115135689,0.0571990960700956
"t__d__Bacteria;p__Firmicutes_A;c__Clostridia;o__Oscillospirales;f__Oscillospiraceae;g__Intestinimonas;s__Intestinimonas stercorigallinarum",0.025228311794611,0.0359258070375728,0.174036436827303,0.152747433797996,0.0486386490504386,0.0336869266629945,0.0517915934833815,0.177674569687695,0.0231925761311734,0.037140382442139,0.0386504410876029,0.0761042079958298,0.0949128232178812,0.0706278647147691,0.100377102232096,0.076049008410899
"t__d__Bacteria;p__Firmicutes_A;c__Clostridia;o__Oscillospirales;f__Oscillospiraceae;g__Lawsonibacter",0.00777790505124553,0.0278759729222933,0.135017180472395,0.0337031229600899,0.0777714704627909,0.109140581219715,0.065462856011046,0.159662492261361,0.063145782933344,0.0636394352163702,0.144256228522341,0.104156998102935,0.0698920451537372,0.0603411428413079,0.130569454819536,0.0834941779300339
"t__d__Bacteria;p__Firmicutes_A;c__Clostridia;o__Oscillospirales;f__Oscillospiraceae;g__Lawsonibacter;s__Lawsonibacter pullicola",0.037627855891365,0.019681979300944,0.028206175380398,0.00494687718740202,0.0243640450331196,0.0340161192660531,0.00979010325341371,0.127619569321854,0,0.0814379867476751,0.0367400658158735,0.0149303977632301,0.0314577274932472,0.0122490079475327,0.0516982741423003,0.0343177456362939
"t__d__Bacteria;p__Firmicutes_A;c__Clostridia;o__Oscillospirales;f__Oscillospiraceae;g__Lawsonibacter;s__Lawsonibacter sp000177015",0.0332412253983729,0.0215166942749306,0.0384320805184938,0.0219399643083385,0.0193210420844441,0.00657840549260324,0.0135440375874155,0.347876289966309,0.0302727407244163,0.0151862015177673,0.072517712602839,0.086676839950985,0.110136652686383,0.0816355499763378,0.112345043993203,0.0674146987388559
"t__d__Bacteria;p__Firmicutes_A;c__Clostridia;o__Oscillospirales;f__Oscillospiraceae;g__Lawsonibacter;s__Lawsonibacter sp000492175",0.0263810186381552,0.0580467234561533,0.0891261928092534,0.120438153863124,0.01839544547815,0.114511371070319,0.0612508942832507,0.388707766553774,0.015018621446431,0.157297078457769,0.0314253442987472,0.0136262261565183,0.0873630683444127,0.0702635997107856,0.167752635907471,0.0946402760316209
"t__d__Bacteria;p__Firmicutes_A;c__Clostridia;o__Oscillospirales;f__Oscillospiraceae;g__Lawsonibacter;s__Lawsonibacter sp002161175",0.0515078642539874,0.0105579991437078,0.0703423070120617,0.0496060207593033,0.0258345121774965,0.0711505715166777,0,0.330160995271209,0.083749198519989,0.036095717726818,0.0642290723303336,0.0569116597335787,0.0602253413307488,0.0571087974382017,0.128238567627424,0.0730479083227691
"t__d__Bacteria;p__Firmicutes_A;c__Clostridia;o__Oscillospirales;f__Oscillospiraceae;g__Lawsonibacter;s__Lawsonibacter sp003478995",0.0272243574618009,0.0203814510808595,0.111357050837608,0.125002064566996,0.0322666094139844,0.132842207249449,0.00676551850845663,0.149971307493208,0.0275228675787585,0.0805918504662745,0.142530356222182,0.0510247669772077,0.0394723467847775,0.0883002884813568,0.0461611392690176,0.0720942788261292
"t__d__Bacteria;p__Firmicutes_A;c__Clostridia;o__Oscillospirales;f__Oscillospiraceae;g__Lawsonibacter;s__Lawsonibacter sp003612335",0.0136923801457371,0.0142359411171811,0.162182034719564,0.0367751367979965,0.0330084271694053,0.0369222166150846,0.0513085839315363,0.0281421310631783,0.0252102052630618,0.0114712069547394,0.0306754461918274,0.0710103374594271,0.0201829115762157,0.108805122409547,0.0528502017620062,0.0464314855451005
"t__d__Bacteria;p__Firmicutes_A;c__Clostridia;o__Oscillospirales;f__Oscillospiraceae;g__Lawsonibacter;s__Lawsonibacter sp009911595",0.0105450352952366,0.0305262352443432,0.104179470380497,0.0630481090084497,0.0253386977395503,0.0427337341053479,0.0180890655416203,0.221589229608368,0.0450754006576452,0.0665160138391807,0.0716991424209616,0.106262267411451,0.107572327699745,0.0273959039044811,0.149038818600771,0.0726406300971766
"t__d__Bacteria;p__Firmicutes_A;c__Clostridia;o__Oscillospirales;f__Oscillospiraceae;g__Lawsonibacter;s__Lawsonibacter sp009911645",0.0200378846511244,0.0155615820652878,0.106635467104958,0.0431144723908474,0.0276014886920629,0.061232519943868,0.0042848283886892,0.187360696067566,0.0106109825436741,0.0156741424820877,0.0796402400983652,0.0283808741666233,0.00523713406077829,0.0355681580626523,0,0.0427293647145723
"t__d__Bacteria;p__Firmicutes_A;c__Clostridia;o__Oscillospirales;f__Oscillospiraceae;g__Lawsonibacter;s__Lawsonibacter sp900066645",0.00881357816059912,0.0501270915207539,0.0890921303474824,0.0231127223172133,0.0547531891968169,0.0722242030503042,0.0258098525976362,0.223134304562354,0.0205521518806379,0.0535947596229779,0.0464633528339347,0.0977548355146333,0.0947441794528268,0.099439162854349,0.142552947626436,0.0734778974359304
"t__d__Bacteria;p__Firmicutes_A;c__Clostridia;o__Oscillospirales;f__Oscillospiraceae;g__Lawsonibacter;s__Lawsonibacter sp900066825",0.0333694412665883,0.0333636481369694,0.0990241569000427,0.0450037985783771,0.08210074474805,0.0458814652666263,0.028143351955755,0.188562301791638,0.059055549178138,0.0807852124409903,0.0461938959561706,0.0461842755082107,0.0480855375726091,0.0572212910107039,0.0467482124646329,0.0626481921850335
"t__d__Bacteria;p__Firmicutes_A;c__Clostridia;o__Oscillospirales;f__Oscillospiraceae;g__Lawsonibacter;s__Lawsonibacter sp900545895",0.0300511399609211,0.0356533555837302,0.0752991727220423,0.0158084988380021,0.0152534542771927,0.0429256915482598,0.00666528860462764,0.0511324156650907,0.0588051437919375,0.0521367536126093,0.0611808916138339,0.0434731026372678,0.0214635852729875,0.0862720306479556,0.0363337321249504,0.0421636171267606
"t__d__Bacteria;p__Firmicutes_A;c__Clostridia;o__Oscillospirales;f__Oscillospiraceae;g__Lawsonibacter;s__Lawsonibacter sp900549405",0.00797813518572055,0.0136465631654258,0.0926826472478635,0.063769264677402,0.0119408354190145,0.0331100475585693,0.0567978539681261,0.296310527036985,0.12201868481583,0.0879286143683334,0.0646645810131714,0.028636620218792,0.0739623609313543,0.0250700698776448,0.0635248225589363,0.0694694418695446
"t__d__Bacteria;p__Firmicutes_A;c__Clostridia;o__Oscillospirales;f__Oscillospiraceae;g__Lawsonibacter;s__Lawsonibacter sp900550705",0.0976374676941356,0.0419214625756522,0.168941777171388,0.053900001891841,0.0412435433411577,0.124417506440885,0.11529153816024,0.418985758824856,0.0683259174434908,0.165612187423037,0.0626680176629491,0.260025650407853,0.127132625251185,0.18032248892276,0.17604563433652,0.14016477183653
"t__d__Bacteria;p__Firmicutes_A;c__Clostridia;o__Oscillospirales;f__Oscillospiraceae;g__Lawsonibacter;s__Lawsonibacter sp900553135",0.0776095141660544,0.0766572513385137,0.191737864662222,0.2269302430192,0.0242990266395637,0.074725184064088,0.0402740090484969,0.221038825028421,0.0215484568579228,0.0828926799403533,0.0995263452810728,0.13885831194521,0.129766791614433,0.173003733330345,0.107778423935007,0.112443110724727
"t__d__Bacteria;p__Firmicutes_A;c__Clostridia;o__Oscillospirales;f__Oscillospiraceae;g__Lawsonibacter;s__Lawsonibacter sp900754605",0.0571251082085855,0.0222697505503613,0.08389758051932,0.0574195188126946,0.0716800604110274,0.0393838402647254,0.0456790901487489,0.117937505436328,0.0176946511007247,0.00752996969153471,0.0163121559306059,0.0532912414372689,0.0235392292758925,0.093721537888483,0.0776953964833809,0.0523451090773121
"t__d__Bacteria;p__Firmicutes_A;c__Clostridia;o__Oscillospirales;f__Oscillospiraceae;g__Lawsonibacter;s__Lawsonibacter sp900763995",0.0137019552367481,0,0.0568398607297736,0.0120580131442924,0.0447753857264107,0.112890974631186,0.0298582892691045,0.27275839253978,0.0250786491272605,0.0624601963905536,0.0665564666706255,0.105187786009563,0.0799237688124658,0.0955254263359582,0.00814157933985735,0.0657171162642386
"t__d__Bacteria;p__Firmicutes_A;c__Clostridia;o__Oscillospirales;f__Oscillospiraceae;g__Lawsonibacter;s__Lawsonibacter sp900764755",0.0176328252687442,0.0421349904574345,0.10222520046144,0.0710365549409522,0.0116087578068994,0.080774163784455,0.0336200691587073,0.230580430566416,0.0254198088685005,0.0226799311282016,0.070771101057424,0.0776037429234794,0.0806195220519527,0.0999484937230387,0.0422521891523244,0.0672605187566647
"t__d__Bacteria;p__Firmicutes_A;c__Clostridia;o__Oscillospirales;f__Oscillospiraceae;g__Lawsonibacter;s__Lawsonibacter sp900766145",0.0129523658213975,0.0131140062457951,0.130931217548244,0.0362830128607133,0.0710825430683009,0.0192122930982481,0.0142075888677589,0.216391209073627,0.0766073858823154,0.124166872949993,0.129539105326409,0.014287498896467,0.191670428990117,0.0258694017500585,0.0541854062571199,0.0753666891091043
"t__d__Bacteria;p__Firmicutes_A;c__Clostridia;o__Oscillospirales;f__Oscillospiraceae;g__Lawsonibacter;s__Lawsonibacter sp904420465",0.0384627317798369,0.014027911365661,0.359535291256054,0.0374131434274659,0.0188863089359388,0.00718175037506093,0.108667036993181,0.104517963506456,0.0554996247669371,0.13299553356742,0.087562477337387,0.027386623593606,0.0972736565005974,0.0735059466636557,0.0655645688412539,0.0818987045940341
"t__d__Bacteria;p__Firmicutes_A;c__Clostridia;o__Oscillospirales;f__Oscillospiraceae;g__Lawsonibacter;s__Lawsonibacter sp910575265",0.00834456619536328,0.0300409068345092,0.153341623362818,0.072735741428216,0.06620310698299,0.105931113585601,0.0215912092789548,0.318819305650622,0.0733006174488298,0.00478617251626316,0.0722552071394295,0.106589261040765,0.0844920337500905,0.0257304335635412,0.101219707802326,0.083025400438688
"t__d__Bacteria;p__Firmicutes_A;c__Clostridia;o__Oscillospirales;f__Oscillospiraceae;g__Lawsonibacter;s__Lawsonibacter sp910578735",0.0393846915118105,0.0407679081786634,0.216389891330488,0.0617732029090129,0.114094817782771,0.190675584073221,0.0229559760496164,0.314377609724085,0.0972207161713351,0.110620065736447,0.0966964363907755,0.106164123627661,0.0189726611604604,0.137273440308997,0.0466685818979242,0.107602380456884
"t__d__Bacteria;p__Firmicutes_A;c__Clostridia;o__Oscillospirales;f__Oscillospiraceae;g__Lawsonibacter;s__Lawsonibacter sp910584605",0.0107710003372774,0.0496006709827611,0.11689158942727,0.0434888136345591,0,0.023174122528348,0.0194540960013986,0.280577604201742,0.0329434877251263,0.036240603506854,0.0237956586979591,0.0902090799139717,0.0216101920195419,0.0895964398944066,0.130641536425504,0.0645996596864479
"t__d__Bacteria;p__Firmicutes_A;c__Clostridia;o__Oscillospirales;f__Oscillospiraceae;g__Lawsonibacter;s__Lawsonibacter sp910585815",0.0248086565129194,0.016925060295353,0.193099476244118,0.124114711364088,0.0136009967304968,0.00980922002447348,0.063183768468605,0.104509319059315,0.0468213437438511,0.0134622910011307,0.0547614097698587,0.0338812036761154,0.04059832166339,0.0528289645021138,0.0705277692257561,0.0575288341521056
"t__d__Bacteria;p__Firmicutes_A;c__Clostridia;o__Oscillospirales;f__Oscillospiraceae;g__Lawsonibacter;s__Lawsonibacter sp910588635",0.0449666227734987,0.0392116804775074,0.129369875466069,0.234097098115597,0.00381336356929817,0.120343171647054,0.102081547722176,0.0658862389932041,0.0819074847359616,0.100522042327252,0.0817148078689214,0.0399180295255204,0.0847690717336168,0.230063522554703,0.0849081821384803,0.0962381826432573
"t__d__Bacteria;p__Firmicutes_A;c__Clostridia;o__Oscillospirales;f__Oscillospiraceae;g__Lawsonibacter;s__Lawsonibacter sp910589085",0.0312185068336435,0.0515249592434257,0.00973654986074251,0,0.0216686219146733,0.0361324848969668,0.0817423093544254,0.0419483988179095,0.0220871682793709,0.0486142276530715,0.031691007765858,0.0881691924453794,0.0179749704654976,0.0504101840250427,0.0149474912239119,0.0365244048519946
"t__d__Bacteria;p__Firmicutes_A;c__Clostridia;o__Oscillospirales;f__Oscillospiraceae;g__Limivicinus",0.0218454384791697,0.0234871205062895,0.0460537132881808,0.143446906389157,0.0491564804765151,0.0556091066871643,0.0758832930093104,0.139373287010633,0.0137942773067763,0.0814238566327379,0.103335036888607,0.0508407634918378,0.0765132798391303,0.114487546899812,0.0725289794226518,0.0711852724218649
"t__d__Bacteria;p__Firmicutes_A;c__Clostridia;o__Oscillospirales;f__Oscillospiraceae;g__Limivicinus;s__Limivicinus faecipullorum",0,0.00411642216141728,0.0534320914001632,0,0.00550819182231958,0.0464437294791584,0.00582379798346999,0.0653932660140262,0.0160253044057027,0.0279136954383333,0.0561359261375916,0,0.0103019939748205,0.00499959508062558,0.0392276186116399,0.0223547755006179
"t__d__Bacteria;p__Firmicutes_A;c__Clostridia;o__Oscillospirales;f__Oscillospiraceae;g__Limivicinus;s__Limivicinus sp003150355",0.0966019024552587,0.0694313737888877,0.176939666381468,0.0677854647605128,0.0528320086990836,0.347423269812708,0.28154863036564,0.337530182137826,0.0776430864329457,0.227417754015806,0.170929429491118,0.0747353487061485,0.136337910083816,0.137603846604742,0.115878936931295,0.158042587377817
"t__d__Bacteria;p__Firmicutes_A;c__Clostridia;o__Oscillospirales;f__Oscillospiraceae;g__Limivicinus;s__Limivicinus sp900754515",0.0558815300026675,0.0325244034408584,0.0496027124518822,0.0439585236163031,0.0782326737642907,0,0.0388768845146932,0.179319720738213,0.0338127429706626,0.00696170547820095,0.0363993126793873,0.0530461550848047,0.0804936409386701,0.0853033745386303,0.0785449880039056,0.056863891214878
"t__d__Bacteria;p__Firmicutes_A;c__Clostridia;o__Oscillospirales;f__Oscillospiraceae;g__Marseille-P3106",0.0158355622691223,0.0147820050029936,0.0757040887605468,0.0284534061412381,0.0502670546137521,0.0780249430097019,0.0123258917446838,0.137593653431693,0.0339302690627437,0.0774430817750676,0.0577969656203941,0.0544213106027605,0.049055142554071,0.107937151543328,0.0680138890714816,0.0574389610135719
"t__d__Bacteria;p__Firmicutes_A;c__Clostridia;o__Oscillospirales;f__Oscillospiraceae;g__Marseille-P3106;s__Marseille-P3106 sp900169975",0.0757486846082376,0.0494296783099831,0.118888804823108,0.0551615438058058,0.00492559461034347,0.0460963662063237,0.0696954285430662,0.229301780756554,0.0571258662969038,0.0774766930456407,0.0444611414753947,0.16323002674339,0.0748703607226331,0.03034030661132,0.0190093094912792,0.0743841057366656
"t__d__Bacteria;p__Firmicutes_A;c__Clostridia;o__Oscillospirales;f__Oscillospiraceae;g__NSJ-51",0.0162993225364197,0.0192614630598053,0.151897271496274,0.0186098515475416,0.0548573377821073,0.097499006163616,0.032778425918751,0.147403219901847,0.0378674680427225,0.0139848934096741,0.0441088703324067,0.0827047973031391,0.0177711761304962,0.0278581268227398,0.0929160526143084,0.0570544855374565
"t__d__Bacteria;p__Firmicutes_A;c__Clostridia;o__Oscillospirales;f__Oscillospiraceae;g__NSJ-51;s__NSJ-51 sp900549795",0.0376793498581372,0.00860330411116061,0.0490879837748998,0.0054550042245085,0.0329458938963094,0.0547544181962907,0.0646122427827882,0.25479724663952,0.0234810937993847,0.0289422039017514,0.0554347820167958,0.0593161127251687,0.0557583715667101,0.00692251626548157,0.0436641440783181,0.052096977855815
"t__d__Bacteria;p__Firmicutes_A;c__Clostridia;o__Oscillospirales;f__Oscillospiraceae;g__Onthomonas;s__Onthomonas sp900752305",0.0296771846127378,0.0448320855403956,0.0607885194493527,0.0772232778205297,0.0283588510337281,0.0188459872386706,0.0320553222040646,0.269781830471345,0,0.00702650858770549,0.0782156646400745,0.0844118857065433,0.0460428267849013,0.0249289250514899,0.0858323847482056,0.059201416925983
"t__d__Bacteria;p__Firmicutes_A;c__Clostridia;o__Oscillospirales;f__Oscillospiraceae;g__Oscillibacter",0.0173602667073347,0.0082785823468503,0.209099712144261,0.0611458415318704,0.0215216286097957,0.0607841370960811,0.0653536903685951,0.136859334531063,0.0592173018411994,0.0538935254895283,0.0564773911762807,0.109058725320488,0.0544480612227501,0.0334327870293573,0.023553622534649,0.0646989738633403
"t__d__Bacteria;p__Firmicutes_A;c__Clostridia;o__Oscillospirales;f__Oscillospiraceae;g__Oscillibacter;s__Oscillibacter ruminantium",0.00289988470619007,0,0.117467810645667,0,0.0112585019664994,0.139993488748368,0,0.205321468537472,0.0410501018248524,0.0497750785112076,0.0265695859665458,0.0414377237437471,0.0365814759964209,0.105415289154922,0.0770475359459481,0.056987863049856
"t__d__Bacteria;p__Firmicutes_A;c__Clostridia;o__Oscillospirales;f__Oscillospiraceae;g__Pelethomonas;s__Pelethomonas intestinigallinarum",0.0118907157727179,0.0100989557026771,0.0354463092550598,0.0324610310168616,0.0333755624169164,0.0134365878460236,0.025075777873091,0.198029623978117,0.0658538777424738,0.0485528044829731,0.0893786563617905,0.08922041183037,0.0661789936792596,0.0341043807285531,0.00814157933985735,0.0507496845351161
"t__d__Bacteria;p__Firmicutes_A;c__Clostridia;o__Oscillospirales;f__Oscillospiraceae;g__Pelethomonas;s__Pelethomonas sp017887695",0.0210427031371658,0.0230171111016547,0.0990007278612696,0.00927539472637878,0.0566974339874558,0.0298979219085706,0.0672881252183239,0.184943074330744,0.00545707673674668,0.0121725252937654,0.0324086993271629,0.0251624893220361,0.0847768715461577,0.0642067563886861,0.0726572918225956,0.0525336135139143
"t__d__Bacteria;p__Firmicutes_A;c__Clostridia;o__Oscillospirales;f__Oscillospiraceae;g__Pelethomonas;s__Pelethomonas sp900549475",0,0.0111579149354742,0.0544139935994246,0.0465311150773751,0.0358081636203473,0.0653694665044029,0.049817255724822,0.321783981567666,0.0378741996504875,0.00538444408079605,0.0172962634415176,0.0726915922990183,0.0653110938340854,0.0292993711275334,0.0238480428163321,0.0557724598852855
"t__d__Bacteria;p__Firmicutes_A;c__Clostridia;o__Oscillospirales;f__Oscillospiraceae;g__Pelethomonas;s__Pelethomonas sp900555795",0.105692658633139,0.00799500659795267,0.161732302900694,0.0640978633083003,0.0224563706241682,0.0679037718911157,0.00789310492653274,0.155563683675153,0.0239437526860292,0.0826900817990451,0.135444683115179,0.0546238285718337,0.110227773524689,0.101644973156915,0.385982480096016,0.0991928223671175
"t__d__Bacteria;p__Firmicutes_A;c__Clostridia;o__Oscillospirales;f__Oscillospiraceae;g__Pelethomonas;s__Pelethomonas sp910583885",0.0121922786063358,0.00913672498095523,0.0557435625962967,0.0272372702282552,0.0155105471185567,0.0428487716054442,0.0210606157922509,0.311482502259397,0.0325185803492289,0.0228663703831604,0.0801927516970897,0.0199226304488003,0.0333964578934653,0.0648518904744004,0.0781146789598915,0.0551383755595685
"t__d__Bacteria;p__Firmicutes_A;c__Clostridia;o__Oscillospirales;f__Oscillospiraceae;g__Pseudoflavonifractor",0.0360454838206929,0.00635517807376703,0.0541892355748817,0.0311445067300872,0.024338711498918,0.0339964209238355,0.113674383255152,0.275018118375559,0.011318381379919,0.123329326688939,0.107951779825865,0.0748759592983953,0.0570726973367401,0.067254962157026,0.0731487836496622,0.0726475952392961
"t__d__Bacteria;p__Firmicutes_A;c__Clostridia;o__Oscillospirales;f__Oscillospiraceae;g__Pseudoflavonifractor;s__Pseudoflavonifractor capillosus",0.0646829110087872,0.0321789981822892,0.0329310712838094,0.0724156830411945,0.00730894684115482,0.0631242602071811,0.0394248835791951,0.20915282286243,0.0733811819506089,0.0380434909448186,0.0103186615236048,0.0702002471539131,0.0222094522534496,0.0380371588416127,0.147883419508695,0.0614195459455163
"t__d__Bacteria;p__Firmicutes_A;c__Clostridia;o__Oscillospirales;f__Oscillospiraceae;g__Pseudoflavonifractor;s__Pseudoflavonifractor sp014287675",0.0769076195154798,0.0545324322604125,0.0994653091855677,0.0523732514384004,0.0866046852753884,0.0480973118023377,0.0735736742665234,0.253017230860572,0.112648123755732,0.0190502261338106,0.0728735974685813,0.12747342152105,0.0914676359393269,0.0931344531659927,0.0841363883213684,0.0896903573940362
"t__d__Bacteria;p__Firmicutes_A;c__Clostridia;o__Oscillospirales;f__Oscillospiraceae;g__Pseudoflavonifractor;s__Pseudoflavonifractor sp904419835",0.0145750333273491,0.0359663389987837,0.116160320652665,0.0214192953306848,0.0536181413427581,0.0619361173613106,0.00551264471059429,0.184050163711622,0.00625083335300074,0.0320440983400895,0.0705185514155017,0.0139120806834975,0.03067310144022,0.0358689430095316,0.0719689773403139,0.0502983094011948
"t__d__Bacteria;p__Firmicutes_A;c__Clostridia;o__Oscillospirales;f__Oscillospiraceae;g__Scatomorpha",0.0280578281465703,0.00538877082949171,0.030317364354201,0.101535490754487,0.0204963985883687,0.110104902854736,0.0104811842289741,0.154929530992656,0.00578780866018588,0.0278508341236175,0.0192101318288815,0.0446707810860739,0.0504693765858,0.202363089552874,0.145889186025924,0.0638368452408561
"t__d__Bacteria;p__Firmicutes_A;c__Clostridia;o__Oscillospirales;f__Oscillospiraceae;g__Scatomorpha;s__Scatomorpha gallistercoris",0.00706846897133831,0.0176282386407067,0.00951901487181304,0.054446962849703,0.0314499056336967,0.101683931732872,0.0665624055741453,0.17523544697305,0.00477494214465335,0.0634917208647314,0.0388244125672973,0.0624387529277584,0.0465698000510529,0.0568866443520144,0.0427404317318814,0.0519547386591143
"t__d__Bacteria;p__Firmicutes_A;c__Clostridia;o__Oscillospirales;f__Oscillospiraceae;g__Scatomorpha;s__Scatomorpha intestinavium",0.00347986164742809,0,0.00855372083124067,0.0261811828284965,0,0.0356227580596195,0.047761550339166,0.0943613655444998,0.0178457433689064,0,0.00326745077108306,0.0077552388711122,0,0.0342421917781722,0.0469466065524376,0.0217345113728108
"t__d__Bacteria;p__Firmicutes_A;c__Clostridia;o__Oscillospirales;f__Oscillospiraceae;g__Scatomorpha;s__Scatomorpha intestinigallinarum",0.00708860705957574,0,0.0686140596862792,0.08002780155187,0.0467374091491901,0.0841620988008937,0.0293900970485891,0.429505465340172,0.00530549127183705,0.0825575711027873,0.0610571409588197,0.0633386477989746,0.0377428823284966,0.0573819442420986,0.0639361518678294,0.0744563578804942
"t__d__Bacteria;p__Firmicutes_A;c__Clostridia;o__Oscillospirales;f__Oscillospiraceae;g__Scatomorpha;s__Scatomorpha merdavium",0.0456166013039595,0.00627900500078254,0.0805076803553403,0.0227674903232827,0.00381336356929817,0.0330213604971331,0.00433687083875425,0.0543797666110081,0.0730811849847063,0.0303454365578357,0.0678279583295713,0.046076070500848,0.0573861799476235,0.029537315179048,0.017340967363998,0.0381544834242126
"t__d__Bacteria;p__Firmicutes_A;c__Clostridia;o__Oscillospirales;f__Oscillospiraceae;g__Scatomorpha;s__Scatomorpha pullicola",0.0592674189708063,0.00854647648751397,0.0180716262607609,0.0819207207733307,0.0377100414177645,0.0414615238524379,0.0480083712714301,0.288895294638405,0.00763990743144535,0.0359121441835535,0.0249091029751145,0.0420212943087214,0,0.0218789257722713,0.0778034952076572,0.0529364229034142
"t__d__Bacteria;p__Firmicutes_A;c__Clostridia;o__Oscillospirales;f__Oscillospiraceae;g__Scatomorpha;s__Scatomorpha pullistercoris",0,0.016117822489559,0.0526001340032477,0.0397469546631248,0.0252142020385214,0.0368831972018655,0.0190535033438695,0.474765004450564,0.0440033383939718,0.0348764551176695,0.0335791107098323,0.0402941831964688,0.0426568803902313,0.0189984613063772,0.0660678601094445,0.0629904738276498
"t__d__Bacteria;p__Firmicutes_A;c__Clostridia;o__Oscillospirales;f__Oscillospiraceae;g__Scatomorpha;s__Scatomorpha sp900752445",0.0345412914720078,0.0352247741139978,0.076844349713725,0.0403258827865896,0.029246348732797,0.00613076251529593,0.00810748862685651,0.0984967779136259,0.0158327029006927,0.0820261201270704,0.0485844105511296,0.0351732088146143,0.0588524222916189,0.0493142991571794,0.0734579680069935,0.0461439205149463
"t__d__Bacteria;p__Firmicutes_A;c__Clostridia;o__Oscillospirales;f__Oscillospiraceae;g__Scatomorpha;s__Scatomorpha sp900759385",0.00543728382410639,0.00846806844634411,0.0580707378242107,0.0563256655214651,0.0177209895595519,0.0758905828733352,0.0539439123225764,0.0835129362628972,0.0465563661015588,0.0169111428907965,0.0494737769820996,0.0136758235314175,0.0194637909235014,0.0547499447558057,0.0861683508047072,0.0430912915082916
"t__d__Bacteria;p__Firmicutes_A;c__Clostridia;o__Oscillospirales;f__Oscillospiraceae;g__Scatomorpha;s__Scatomorpha stercorigallinarum",0.0169531721284958,0,0.0112785903481179,0.0107931865906953,0,0,0.0481708459203345,0.141388580072953,0.032347389004819,0.00665832475356974,0.036230138728558,0.0531805954952981,0.0289678977736799,0.0320140078654419,0.0490331831356926,0.0311343941211771
"t__d__Bacteria;p__Firmicutes_A;c__Clostridia;o__Oscillospirales;f__Oscillospiraceae;g__UBA1774",0.0406508336628981,0.0286319261632294,0.13744807909943,0.161418231960401,0.0471863454155209,0.0272205855679139,0.087046280814051,0.181272309952641,0.0320884489212187,0.1114136844967,0.0358883296791371,0.0370332002224991,0.0110634457033941,0.0846280834618885,0.0762534952330666,0.0732828853569326
"t__d__Bacteria;p__Firmicutes_A;c__Clostridia;o__Oscillospirales;f__Oscillospiraceae;g__UMGS1202",0.0183542721207126,0.0252002379472675,0.0670295697660627,0.0441279144262845,0.0540315965023813,0.0321520791377043,0.0265355868673542,0.309723435460375,0.0318821939778641,0.121080199978189,0.0100297715519266,0.0526807704600819,0.0778105051240367,0.0464037745788893,0.128351988265344,0.0696929264109649
"t__d__Bacteria;p__Firmicutes_A;c__Clostridia;o__Oscillospirales;f__Oscillospiraceae;g__UMGS1202;s__UMGS1202 sp900549565",0.00712552498424016,0.00164656886456691,0.0707349444192074,0.0264057649090366,0.0638274882147266,0.0693578776216289,0.040508726683655,0.152501916987352,0.0460343866916263,0.0529363936558724,0.0447907288975573,0.121324285903593,0.0133785713680133,0.0828844944258019,0.0881294752600021,0.0587724765924586
"t__d__Bacteria;p__Firmicutes_A;c__Clostridia;o__Oscillospirales;f__QAMX01;g__QAMX01;s__QAMX01 sp003149835",0.0370749355014485,0.0138119519355247,0.0291916456068933,0.0137181412644489,0.0392346135057505,0.00612943694502236,0.030147699665731,0.109582346512958,0.111176502490622,0.0143585175487895,0.0174652377790144,0.00396012197673814,0.0661922365442226,0.0718480379948025,0.0466180292691328,0.0407006303027399
"t__d__Bacteria;p__Firmicutes_A;c__Clostridia;o__Oscillospirales;f__Ruminococcaceae;g__Anaerofilum",0.0457998996278757,0.0124941043094913,0.108608822653323,0.0224990528303211,0.0298410831692698,0.0068314210884726,0.0180714516603664,0.127132730686285,0.0265805112719036,0.0275976044830142,0.0597150380210139,0.0376849422562287,0.0316952693578697,0.0736461209015107,0.0526056036712508,0.0453869103992131
"t__d__Bacteria;p__Firmicutes_A;c__Clostridia;o__Oscillospirales;f__Ruminococcaceae;g__Anaerofilum;s__Anaerofilum faecale",0,0.0159168323574801,0.0638959616973522,0.0196231307501121,0.0646901041705536,0.0118017178419447,0.0199210188077769,0.112896196174102,0.0515156034080917,0.0600210702801668,0.0503697834635398,0.0515815609023935,0.0198713529874304,0.05475996763475,0.101982898640538,0.0465898132744155
"t__d__Bacteria;p__Firmicutes_A;c__Clostridia;o__Oscillospirales;f__Ruminococcaceae;g__Anaerotruncus",0.0528071191330311,0.0190890064654523,0.0851833793594728,0.0284187227297198,0.0650805075544096,0.109383603138942,0.0631310555453131,0.193018632348564,0.0280580102048788,0.0938386820071235,0.0174804589905007,0.0572722749824794,0.1109781442106,0.0775852228837712,0.0533561702235457,0.0703120659851869
"t__d__Bacteria;p__Firmicutes_A;c__Clostridia;o__Oscillospirales;f__Ruminococcaceae;g__Anaerotruncus;s__Anaerotruncus colihominis_A",0.107855818387127,0.0320536780117005,0.106745247971145,0.0544238125375951,0.038734314565329,0.0892722543512497,0.0208744534142707,0.275783807212038,0.0607123138371572,0.0516813734642658,0.0257911553494264,0.0900836874266385,0.0465530508322192,0.0446431581169611,0.13576365935417,0.0787314523220862
"t__d__Bacteria;p__Firmicutes_A;c__Clostridia;o__Oscillospirales;f__Ruminococcaceae;g__Anaerotruncus;s__Anaerotruncus sp000403395",0.0302950410375434,0.0429051888455729,0.0633641569095293,0.0655508803937711,0.0769124217146478,0.0631629079314691,0.0597867422579109,0.16962678838925,0.0379693333961725,0.0230350548911061,0.0951506159056209,0.0537292526729268,0.0598269522352979,0.0758877525282374,0.140149559137954,0.0704901765498007
"t__d__Bacteria;p__Firmicutes_A;c__Clostridia;o__Oscillospirales;f__Ruminococcaceae;g__Anaerotruncus;s__Anaerotruncus sp014385085",0.0645689901148729,0.0234195567735451,0.0395279839742475,0.0415561221306491,0.0251568466408405,0.0669046407888328,0.0133965179354586,0.0687549064566284,0.0174585058742103,0.0205691938117558,0.0892569972706291,0.0465388496827173,0.0110634457033941,0.0407068371995611,0.015793545110287,0.0389781959645086
"t__d__Bacteria;p__Firmicutes_A;c__Clostridia;o__Oscillospirales;f__Ruminococcaceae;g__Angelakisella;s__Angelakisella sp003453215",0.0378842222347893,0.0432906577863298,0.0995964753954012,0.0228054937904583,0.0136503375097244,0.0694739079769779,0.00855838091319764,0.14434582168773,0.0380434002391374,0.100147376095556,0.0539578229518873,0.0777580214801264,0.127212267414929,0.0294533493127033,0.0266227113171171,0.0595200164070711
"t__d__Bacteria;p__Firmicutes_A;c__Clostridia;o__Oscillospirales;f__Ruminococcaceae;g__Angelakisella;s__Angelakisella sp900547385",0,0,0.057049683186199,0.0410699983026298,0.0182758979950808,0.0585168114113559,0.025641522389333,0.066278567050161,0.0411322890355234,0.029186175554876,0.0444996752172338,0.0114799561686857,0.0820280583338185,0.00937424077617296,0.0902957974578579,0.0383219115252619
"t__d__Bacteria;p__Firmicutes_A;c__Clostridia;o__Oscillospirales;f__Ruminococcaceae;g__Angelakisella;s__Angelakisella sp900552845",0.0163331587669974,0.00614552722684316,0.0654141408501608,0.123778481584167,0.0428085907276558,0.050968365157162,0.0166165234881942,0.189204467139006,0.0254074082017974,0.00693169812700181,0.0768827549080486,0,0.0637330920253878,0.0724229979739719,0.0851188874487486,0.0561177395750095
"t__d__Bacteria;p__Firmicutes_A;c__Clostridia;o__Oscillospirales;f__Ruminococcaceae;g__Aristotella",0.0351758013872231,0.0076872166010467,0.0146259794621315,0.0253893891201568,0.0586190858415379,0.00717747806668792,0.0143767268304703,0.213255838584655,0.0285582622108151,0.0483366265988467,0.0398564219710439,0.0505402399327759,0.0555315809684688,0.0768449925856812,0.0193260492591992,0.0463534459613826
"t__d__Bacteria;p__Firmicutes_A;c__Clostridia;o__Oscillospirales;f__Ruminococcaceae;g__Aristotella;s__Aristotella avistercoris",0.0410497471351333,0.0115217600805208,0.0598912181916611,0.104047849928593,0.00254224237953211,0.0342665914603549,0.0569400421050405,0.238102102463501,0.0308746620765752,0.0276401462814197,0.0541632070023794,0.150127600686361,0.0259413941935079,0.0790901344047306,0.188092537087283,0.0736194156984396
"t__d__Bacteria;p__Firmicutes_A;c__Clostridia;o__Oscillospirales;f__Ruminococcaceae;g__Faecalibacterium",0.049587892193398,0.0323582525560341,0.0606398522073446,0.0938689502668966,0.0552611042066663,0.089904085441982,0.0623730644236335,0.514355891415297,0.0842630882762393,0.0224896625227782,0.123446653756927,0.162276127594027,0.150553174992452,0.183650700942191,0.103256384936331,0.119218992382146
"t__d__Bacteria;p__Firmicutes_A;c__Clostridia;o__Oscillospirales;f__Ruminococcaceae;g__Faecalibacterium;s__Faecalibacterium faecigallinarum",0.0340973593081812,0.0508262848609026,0.0332386692023944,0.035525288535658,0.023642149629749,0.0457689471904338,0.0390847202473448,0.364019922536034,0.0229025531079024,0.0695007367242697,0.0596741824630009,0.10503550395388,0.155925943372861,0.108089204703495,0.0612458070566979,0.0805718181928536
"t__d__Bacteria;p__Firmicutes_A;c__Clostridia;o__Oscillospirales;f__Ruminococcaceae;g__Faecalibacterium;s__Faecalibacterium faecipullorum",0.0368482926782525,0.0199520473152587,0.0821063633439489,0.0177263099215239,0.0409283387091414,0.0399662088025587,0.0324105478331098,0.248895554083523,0.0622596617782032,0.139018611501594,0.14783156078367,0.146800019713185,0.208446831138353,0.0246208129672211,0.0681125140263027,0.0877282449730563
"t__d__Bacteria;p__Firmicutes_A;c__Clostridia;o__Oscillospirales;f__Ruminococcaceae;g__Faecalibacterium;s__Faecalibacterium intestinavium",0.0731011232205192,0.0622969893373082,0.107536036525423,0.0839126978131831,0.104553346640744,0.0557519490358215,0.0358682777814087,0.144229594914652,0.0878433557394612,0.0313556457899864,0.0272325803949278,0.0340041426084598,0.0839718451717169,0.0355941511459199,0.116575986849368,0.07225518153126
"t__d__Bacteria;p__Firmicutes_A;c__Clostridia;o__Oscillospirales;f__Ruminococcaceae;g__Faecalibacterium;s__Faecalibacterium intestinigallinarum",0.0113830606302726,0.0296619367568711,0.114087553161011,0.0512605022534589,0.0412201287294291,0.00698906926743735,0.0223882983033462,0.353706644558282,0.0737672018036538,0.117291355771395,0.103564504089731,0.0971229201501546,0.133534298071281,0.109362898796799,0.182161832037623,0.0965001469587164
"t__d__Bacteria;p__Firmicutes_A;c__Clostridia;o__Oscillospirales;f__Ruminococcaceae;g__Faecalibacterium;s__Faecalibacterium intestinipullorum",0.0959622930937164,0.0456891040931174,0.148711777306809,0.133395153871605,0.0770460887266426,0.0716693677902475,0.127968071840404,0.299051313923812,0.082636211902365,0.0504015303996844,0.0736276578971983,0.111603310879723,0.0841869484107202,0.154996525897467,0.268642964093481,0.121705888008466
"t__d__Bacteria;p__Firmicutes_A;c__Clostridia;o__Oscillospirales;f__Ruminococcaceae;g__Faecalibacterium;s__Faecalibacterium prausnitzii",0.0396590887238267,0.0259439532482747,0.0491957420384028,0.0305010375553922,0.0458714198909607,0.0143051125356905,0.0348344489446962,0.155024631726493,0.0589226935858262,0.0490369490159533,0.0338338953707683,0.0407413239897762,0.0221816162806625,0.0255924650702779,0.0850666413976793,0.0473807346249787
"t__d__Bacteria;p__Firmicutes_A;c__Clostridia;o__Oscillospirales;f__Ruminococcaceae;g__Faecalibacterium;s__Faecalibacterium prausnitzii_A",0.0273314739215204,0.0259050756279827,0,0.0304749896438344,0.0666833112732324,0.0719932337630202,0.0299467133831585,0.14965668851929,0.0718578851822587,0.0171689873587767,0.0258836490845743,0.060334741329069,0.0212840401438818,0.0545883128892241,0.0208591512067455,0.0449312168884379
"t__d__Bacteria;p__Firmicutes_A;c__Clostridia;o__Oscillospirales;f__Ruminococcaceae;g__Faecalibacterium;s__Faecalibacterium prausnitzii_E",0.0518969060041291,0.0462123743988618,0.114447834641526,0.183707504821371,0.101878923578865,0.110568586095012,0.0285395370013213,0.0654110173899391,0.031458381999645,0.101227721173479,0.071077458716504,0.13325236851802,0.106508873393977,0.0748437373979645,0.0437024050495005,0.0843155753453411
"t__d__Bacteria;p__Firmicutes_A;c__Clostridia;o__Oscillospirales;f__Ruminococcaceae;g__Faecalibacterium;s__Faecalibacterium prausnitzii_F",0.198093242124152,0.0692829003435587,0.110587076891076,0.192955660180905,0.13459954139843,0.0207342358490858,0.13672896612112,0.230525611066882,0.118988402542139,0.141931872234427,0.139773728593983,0.184674203834427,0.219714229499527,0.143686030573094,0.0945008187490127,0.142451768000121
"t__d__Bacteria;p__Firmicutes_A;c__Clostridia;o__Oscillospirales;f__Ruminococcaceae;g__Faecalibacterium;s__Faecalibacterium prausnitzii_G",0.0336792596679139,0.0456246987118855,0.0735478388122387,0.0531381587987415,0.0615184433776235,0.0355179999787254,0.0819259392147364,0.176625030466036,0.0362125569065791,0.138952435020155,0.0726016238288529,0.0281994051625156,0.0584947535467808,0.112342027331725,0.10055245402566,0.0739288416566779
"t__d__Bacteria;p__Firmicutes_A;c__Clostridia;o__Oscillospirales;f__Ruminococcaceae;g__Faecalibacterium;s__Faecalibacterium prausnitzii_H",0.0719736612559769,0.0588713378432054,0.159150344380559,0.0619572654212902,0.0831966301545262,0.176778424905118,0.0595288192645822,0.13057409514058,0.138851399087924,0.178937523302619,0.0480416545165017,0.107697982555172,0.250714365006954,0.17785305703229,0.153890947240883,0.123867833807212
"t__d__Bacteria;p__Firmicutes_A;c__Clostridia;o__Oscillospirales;f__Ruminococcaceae;g__Faecalibacterium;s__Faecalibacterium prausnitzii_I",0.177167481728461,0.0601640724580562,0.363769699452373,0.11122114833287,0.301695745737779,0.330340579833911,0.0870497030666894,0.504990263572416,0.191178801320808,0.103282101622436,0.186437281914826,0.115124042261048,0.186013677822157,0.149789449065351,0.187544128973004,0.203717878477479
"t__d__Bacteria;p__Firmicutes_A;c__Clostridia;o__Oscillospirales;f__Ruminococcaceae;g__Faecalibacterium;s__Faecalibacterium prausnitzii_J",0.0292035519521366,0.00859079407600127,0.160455357836204,0.148019179459936,0.0444462153006798,0.119611837686936,0.0575547245873452,0.291785813913923,0.0702924782116478,0.0625340080687857,0.0889416005634998,0.0692289488751375,0.0585861842463445,0.102936738115973,0.0988776845142944,0.0940710078272564
"t__d__Bacteria;p__Firmicutes_A;c__Clostridia;o__Oscillospirales;f__Ruminococcaceae;g__Faecalibacterium;s__Faecalibacterium prausnitzii_L",0,0.0577245888453798,0.0467158943695898,0.0811400477945347,0.0131976496170342,0.244570443396671,0.0719403900907309,0.169334342518,0.0524646792250006,0.208299493912982,0.0395511295927704,0.0414179908614841,0.0331867542691286,0.0440906757193579,0.104039644677009,0.0805115816593115
"t__d__Bacteria;p__Firmicutes_A;c__Clostridia;o__Oscillospirales;f__Ruminococcaceae;g__Faecalibacterium;s__Faecalibacterium sp014858325",0.0320790672869673,0.012393174987307,0.137884178334681,0.0735461748543583,0.035522001557649,0.0500536194794346,0.0637052793884201,0.312796664915959,0.0756549929284518,0.0283888748994723,0.0910957692699508,0.0432856741004422,0.103387312437113,0.0629184366411218,0.0716461822521392,0.0796238268888978
"t__d__Bacteria;p__Firmicutes_A;c__Clostridia;o__Oscillospirales;f__Ruminococcaceae;g__Faecalibacterium;s__Faecalibacterium sp017483235",0.0401969476036401,0.00320869830018167,0.0982734852672019,0.0481828910647483,0.0958987612832632,0.11016220569537,0.0510828003990286,0.187628096654059,0.0747121314150811,0.0864992123692697,0.0403204758514245,0.142221983933951,0.124371664379072,0.137572246286367,0.159580118480918,0.0933274479322383
"t__d__Bacteria;p__Firmicutes_A;c__Clostridia;o__Oscillospirales;f__Ruminococcaceae;g__Faecalibacterium;s__Faecalibacterium sp900540455",0.0190988891640322,0.0303726085171266,0.174192844950051,0.0485966858406965,0.0444592687970343,0.0330120292180851,0.0399494320902802,0.273932325922927,0.0470254891306363,0.138434785266375,0.0857141153155773,0,0.14348360120401,0.0743646191299336,0.0377605694603103,0.0793598176004717
"t__d__Bacteria;p__Firmicutes_A;c__Clostridia;o__Oscillospirales;f__Ruminococcaceae;g__Faecalibacterium;s__Faecalibacterium sp900551435",0.0919789797913934,0.0347731216835921,0.166249064264229,0.0801132924863897,0.0218416176255143,0.0397152640840396,0.05718973072776,0.273079547359119,0.0421755757794366,0.0613629272891984,0.0781328714280308,0.0511224300029898,0.128712422389721,0.146344728568975,0.0758711843727263,0.089910850523541
"t__d__Bacteria;p__Firmicutes_A;c__Clostridia;o__Oscillospirales;f__Ruminococcaceae;g__Faecalibacterium;s__Faecalibacterium sp900758465",0.00828538487482879,0.0186995085692801,0.0870256057662345,0.0354338994500344,0.0117825470736796,0.0532200371088464,0.0779095630632263,0.110279493548716,0.0344376821707431,0.115923528513654,0.00178771391087579,0.04021707107741,0.0347167409609949,0.0456578875137374,0.0496279235237079,0.0483336391417313
"t__d__Bacteria;p__Firmicutes_A;c__Clostridia;o__Oscillospirales;f__Ruminococcaceae;g__Faecalibacterium;s__Faecalibacterium sp900765705",0.0120684369797643,0.0329465258032928,0.0316999100458947,0.0339305037853856,0.0696345448468728,0.106926464697845,0.00714138064781533,0.208923010226742,0.0811349688033341,0.0519683179014396,0.0877509392477019,0.109028943791804,0.0476430555946524,0.0717643075894086,0.0904376921605121,0.0695332668081643
"t__d__Bacteria;p__Firmicutes_A;c__Clostridia;o__Oscillospirales;f__Ruminococcaceae;g__Faecalibacterium;s__Faecalibacterium sp900772565",0.0415077196587419,0.0435769314944691,0.0429208952889829,0.0307870260494073,0.0405491611842961,0.0142846766606395,0.056842322638038,0.210319694262899,0.0206156232277097,0.042955934916045,0.0668814016209243,0.0476694151470179,0.0517405966216811,0.0577045898671031,0.161221702164463,0.0619718460534945
"t__d__Bacteria;p__Firmicutes_A;c__Clostridia;o__Oscillospirales;f__Ruminococcaceae;g__Faeciplasma;s__Faeciplasma gallinarum",0.0234295436827162,0.0233582485811939,0.144181666195092,0.059448162978444,0.0182593750376987,0.0472713220221406,0.079391006430384,0.130890770289973,0.0979416502608994,0.0813871107138225,0.0460757623457007,0.0241526756954731,0.0997467030132788,0.0990358868481433,0.0821664120100641,0.0704490864070016
"t__d__Bacteria;p__Firmicutes_A;c__Clostridia;o__Oscillospirales;f__Ruminococcaceae;g__Falkowella",0.0275854581560272,0.0285684584394065,0.122826780861199,0,0.0607044869240673,0.0602331609473279,0.0172647209087781,0.119403206458344,0.0269431720072995,0.0409013962623594,0.026862758023723,0.100082056474847,0.0161886305224321,0.0206269008469238,0.0297855184969415,0.0465317803553117
"t__d__Bacteria;p__Firmicutes_A;c__Clostridia;o__Oscillospirales;f__Ruminococcaceae;g__Falkowella;s__Falkowella caecavicola",0.0190472162697305,0.0094610933633579,0.0260042178998165,0,0,0.0200792574856546,0.00531181641064282,0.0602064393035382,0.0379524875664652,0.0377898797370437,0.0264649932798671,0.0173574137510558,0.0885577681979048,0.066727862414743,0.0644299669772923,0.0319593608438075
"t__d__Bacteria;p__Firmicutes_A;c__Clostridia;o__Oscillospirales;f__Ruminococcaceae;g__Fimivivens;s__Fimivivens faecavium",0.0254585116283173,0.00299376157193984,0.0352896423384199,0.0797844618572186,0.101942552849109,0.075413456828287,0.0224627437878167,0.174529641617584,0.0588704712859528,0.240342790206801,0.0485637956483019,0.124217873815887,0.0529177606110971,0.0172713284603429,0.0998011215657917,0.0773239942715245
"t__d__Bacteria;p__Firmicutes_A;c__Clostridia;o__Oscillospirales;f__Ruminococcaceae;g__Fournierella;s__Fournierella excrementigallinarum",0.0274984145331527,0.0384227298683097,0.0783178607165633,0.0815130189208035,0.0259187908610375,0.0117710640293682,0.0279198263561018,0.171855612760179,0.129250056504911,0.0804545363474805,0.0338850825526139,0.11134034692647,0.0482765649325287,0.031991742766084,0.176500942991128,0.0716611060711155
"t__d__Bacteria;p__Firmicutes_A;c__Clostridia;o__Oscillospirales;f__Ruminococcaceae;g__Fournierella;s__Fournierella merdavium",0.0366584887721949,0.023156835509233,0.048965899324125,0.0313421137185799,0.0675158367007133,0.0745982119643995,0.0163661114395046,0.26950033179018,0.0657221075095835,0.0674826841993144,0.0300531496141263,0.0863350931101456,0.0550008768834993,0.0410608455872982,0.0530036803470062,0.0644508177646603
"t__d__Bacteria;p__Firmicutes_A;c__Clostridia;o__Oscillospirales;f__Ruminococcaceae;g__Fournierella;s__Fournierella merdigallinarum",0.00464834460256939,0.0295441535681871,0.0546209608365837,0.0715765858029864,0.0974264122976868,0.0563349697292396,0.0167926712627768,0.296265936310662,0.0109620647356583,0.128902950039804,0.0254009795815072,0.0974227199161822,0.0421553046610156,0.079425628580078,0.0472389215328795,0.0705812402305211
"t__d__Bacteria;p__Firmicutes_A;c__Clostridia;o__Oscillospirales;f__Ruminococcaceae;g__Fournierella;s__Fournierella pullicola",0.0247632605831233,0.0173371107249961,0.0166690930880271,0.0517085659399305,0.0843280577157227,0.025351962207427,0.101368499110062,0.283955463724714,0.0235148544725359,0.0282761868806463,0.0950371751183976,0,0.0276121021033054,0.0713055551460599,0.0539702744850703,0.0603465440866679
"t__d__Bacteria;p__Firmicutes_A;c__Clostridia;o__Oscillospirales;f__Ruminococcaceae;g__Fournierella;s__Fournierella pullistercoris",0.0337162929969387,0.0368885479475589,0.0806154868948852,0.0436744583958646,0.0410357341123138,0.0394925972104525,0.052003270162082,0.101683618360444,0.0410478577655189,0.173209176745573,0.0929261164822917,0.0322369385937139,0.00547093468849161,0.0346884482290656,0.109033504421737,0.0611815322004621
"t__d__Bacteria;p__Firmicutes_A;c__Clostridia;o__Oscillospirales;f__Ruminococcaceae;g__Fournierella;s__Fournierella sp900543285",0.0503184831217237,0.0184118415675392,0.119239204665173,0.0619191055838007,0.0408556274308776,0.0281941432910636,0.0741140516306806,0.156096648524991,0.00572993057358402,0.11468546953789,0.0139789941004977,0.125811678488349,0.0983699370881014,0.121694686361812,0.049478335451866,0.07192654249453
"t__d__Bacteria;p__Firmicutes_A;c__Clostridia;o__Oscillospirales;f__Ruminococcaceae;g__Gemmiger_A",0,0.0127334658859841,0.129110812492039,0.0601553215251394,0.0180298505601027,0.0392565509936649,0.0307611950888888,0.193562018946855,0.0349070116914691,0.0250441169239466,0.0363237294727161,0.0271539965824166,0.0548232070096204,0.107542540251093,0.0643572817165827,0.0555840732760346
"t__d__Bacteria;p__Firmicutes_A;c__Clostridia;o__Oscillospirales;f__Ruminococcaceae;g__Gemmiger_A;s__Gemmiger_A avium",0.0312556026249914,0.0117481914238167,0.0834284504214712,0.0409833831430782,0.018049920894678,0.0523965220268304,0.0239318881435022,0.285013592784747,0.016238018741077,0.0560333383071247,0.078492901922123,0.146625259331514,0.0484979290624528,0.0792036447316796,0.0700120376923501,0.0694607120834291
"t__d__Bacteria;p__Firmicutes_A;c__Clostridia;o__Oscillospirales;f__Ruminococcaceae;g__Negativibacillus;s__Negativibacillus faecipullorum",0.166490818628425,0.034435388038137,0.114170298774207,0.0271602584039092,0.0547305301613101,0.0390906696102493,0.0569184200821589,0.221006789937242,0.0167122975062867,0.0842615677792694,0.0506677863229349,0.0273959207518962,0.118947251184811,0.0552049860272329,0.0471801823121807,0.0742915443680167
"t__d__Bacteria;p__Firmicutes_A;c__Clostridia;o__Oscillospirales;f__Ruminococcaceae;g__Pararuminococcus",0.0220190217421092,0.0130539372722359,0.0423632104472769,0.0104434073956265,0.0079091985140999,0.0560022231355915,0,0.154937315893804,0.0112349382073338,0.0402285051768458,0.0349561512160466,0.11534936284879,0.00904223927681252,0.0366075793539547,0.0870282681503724,0.0427450239087267
"t__d__Bacteria;p__Firmicutes_A;c__Clostridia;o__Oscillospirales;f__Ruminococcaceae;g__Pararuminococcus;s__Pararuminococcus gallinarum",0.0251492501144334,0,0.0165107706299319,0.0188202159439425,0.0128263622185929,0.00551768626376633,0.0230132588850682,0.141719192845592,0.0295586796301764,0.0605031293148665,0.0337664220335545,0.0623121405462489,0.0426936069282583,0.0454568447462142,0.0200071964143751,0.0358569837676681
"t__d__Bacteria;p__Firmicutes_A;c__Clostridia;o__Oscillospirales;f__Ruminococcaceae;g__Pygmaiobacter;s__Pygmaiobacter gallistercoris",0.00822463924001432,0.0269084874306022,0.0500113645257259,0.143044700528323,0.0189822387737108,0.00490461001223674,0.0433819938104376,0.0776050458425283,0.0171566463035821,0.0342021407432012,0.0546521517082683,0.0203397501510381,0.0462391378798659,0.106911531988638,0.0397539073522611,0.0461545564193622
"t__d__Bacteria;p__Firmicutes_A;c__Clostridia;o__Oscillospirales;f__Ruminococcaceae;g__QAMM01",0.0226652352376992,0.014967636600001,0.0365086283426711,0.119338104772068,0.0703371383810971,0.0893930199628738,0.0175392007949023,0.160431479255594,0.181790909224117,0.0468741523447475,0.0381081250762235,0.0847334800532511,0.0441910735074866,0.0928335185658806,0.12716540856771,0.0764584740457549
"t__d__Bacteria;p__Firmicutes_A;c__Clostridia;o__Oscillospirales;f__Ruminococcaceae;g__QANG01",0.0725035292381095,0.0245307134524212,0.0388102920173123,0.0383509629112573,0.0582528924250406,0.0857906698525468,0.0249020519327618,0.15321743117081,0.0682002674783748,0.0447205494678491,0.0413421472435525,0.013640420142098,0.225441752987367,0.0774817041826848,0.0396867118989131,0.0671248064267399
"t__d__Bacteria;p__Firmicutes_A;c__Clostridia;o__Oscillospirales;f__Ruminococcaceae;g__QANG01;s__QANG01 sp003150145",0.0534536624834807,0.00814303147567636,0.0985926801003029,0.0503589767215902,0.0562520427608839,0.104356198918088,0.0320017644374666,0.117417314776673,0.0851874559511605,0.0709280022709086,0.0761938699986592,0.111348265203993,0.0595394249614593,0.0571039442647631,0.138785716187769,0.0746441567008583
"t__d__Bacteria;p__Firmicutes_A;c__Clostridia;o__Oscillospirales;f__Ruminococcaceae;g__QANG01;s__QANG01 sp904396495",0.00942462529511774,0.0206616818383406,0.0303526769662584,0.00549653020822446,0.036937351075427,0.0497576468817221,0.00436939737004491,0.221611626295575,0.0251178229838845,0.07480769974522,0.0384389418804817,0.0118803659302144,0.0170003051973336,0.019690259413778,0.0733219162213023,0.0425912564868617
"t__d__Bacteria;p__Firmicutes_A;c__Clostridia;o__Oscillospirales;f__Ruminococcaceae;g__Ruminiclostridium_E;s__Ruminiclostridium_E sp016302655",0.0200789259359715,0.0105038263152632,0.104235840816047,0.0501779096653159,0.00497855799325039,0.0458463108262164,0.0123094693638246,0.0798612433096873,0.00901933516212299,0.013503843885171,0.0274431333623903,0.0361997582198683,0.00957413570486032,0.0451581091895304,0.0393373655711006,0.0338818510213747
"t__d__Bacteria;p__Firmicutes_A;c__Clostridia;o__Oscillospirales;f__Ruminococcaceae;g__Ruminococcus_C",0.037336982259419,0.0810223452468436,0.0672552053776471,0.0848961481893406,0.0898803101594904,0.0584896639539643,0.0281251009725825,0.267791236727136,0.0903212481419173,0.0549193174963075,0.102510639408838,0.0674305261048819,0.0989324972223888,0.0427251721484059,0.182105601412628,0.0902494663214528
"t__d__Bacteria;p__Firmicutes_A;c__Clostridia;o__Oscillospirales;f__Ruminococcaceae;g__Ruminococcus_C;s__Ruminococcus_C callidus",0.0331364736140656,0.011735638335966,0.121797535604869,0.0488337924069662,0.0263386754839293,0.106325614304934,0.0186805299020402,0.312720088463226,0.123619877609524,0.0233334277602298,0.0961206347937281,0.125113663496086,0.082832279275952,0.073999367281011,0.168237993910238,0.0915217061495176
"t__d__Bacteria;p__Firmicutes_A;c__Clostridia;o__Oscillospirales;f__Ruminococcaceae;g__Ruminococcus_C;s__Ruminococcus_C sp000433635",0.0488586311466263,0.0444308182138173,0.0991433939040075,0.0201124817936368,0.175081302074366,0.142864989080402,0.0384340255846125,0.241452497425958,0.0841551254073984,0.114809443274966,0.109606990753914,0.0470167771167567,0.0604021914897227,0.192749898677262,0.138688274021836,0.103853789331019
"t__d__Bacteria;p__Firmicutes_A;c__Clostridia;o__Oscillospirales;f__Ruminococcaceae;g__Ruminococcus_C;s__Ruminococcus_C sp000437175",0.0263843784738407,0.0303908702859256,0.0191854061439325,0.0509581930325416,0.0242858919080009,0.161273707673236,0,0.262669502388143,0.108450702410174,0.0274117153204163,0.0771991971140313,0.0145278001755997,0.0261389101783488,0.039487560366996,0.202650512218662,0.0714009565126565
"t__d__Bacteria;p__Firmicutes_A;c__Clostridia;o__Oscillospirales;f__Ruminococcaceae;g__Ruminococcus_C;s__Ruminococcus_C sp000437255",0.0078296887067132,0.0217203363832553,0.0917787292885701,0.0628799432347618,0.0235109397085368,0.0846925520339471,0.0364098867927786,0.216558679191877,0.0781467221722076,0.0168712581198276,0.0693917712818823,0.144855490071382,0.0256040321744313,0.0655701245057965,0.0571180844976441,0.0668625492109074
"t__d__Bacteria;p__Firmicutes_A;c__Clostridia;o__Oscillospirales;f__Ruminococcaceae;g__Ruminococcus_C;s__Ruminococcus_C sp000980705",0.0213515504938726,0.0110868970214172,0.0276159601906121,0.00494687718740202,0.063376480322607,0.114191737156084,0.0389811890931034,0.261654292952672,0,0.0637163467171203,0.0271024266441622,0.0543363549467609,0.0807307462782539,0.0130577659752809,0.0928461353308202,0.058332984020678
"t__d__Bacteria;p__Firmicutes_A;c__Clostridia;o__Oscillospirales;f__Ruminococcaceae;g__Ruminococcus_D;s__Ruminococcus_D albus",0.0673505461065801,0.0227594829003685,0.037344381356378,0.0966578595181518,0.0289663094844088,0.0255070632043951,0.0430934464669698,0.174967443926039,0.029953902301438,0.0659070143745587,0.0263878513449498,0,0.0539260184597205,0.0753423022907109,0.0679028435079515,0.0544044310161747
"t__d__Bacteria;p__Firmicutes_A;c__Clostridia;o__Oscillospirales;f__Ruminococcaceae;g__Ruminococcus;s__Ruminococcus sp900540005",0.106007029053218,0.0226050393726748,0.0565429229038824,0.00575560669436794,0.0636872529301954,0.0224496107794211,0,0.322264700029512,0.148749271156544,0.0278724164182384,0.190235176676635,0.0970185514489084,0.0370753442340142,0,0.031502970140093,0.075451059455847
"t__d__Bacteria;p__Firmicutes_A;c__Clostridia;o__Oscillospirales;f__Ruminococcaceae;g__Ruthenibacterium",0.0511256243558734,0.00813875467343073,0.253286589129317,0.175959372843523,0.154980670867925,0.0673938843366001,0.0770069085212735,0.131899968211105,0.0505297609412296,0.0581191322314742,0,0.155469194813378,0.119542882336249,0.143853860792115,0.196615142008919,0.109594783070827
"t__d__Bacteria;p__Firmicutes_A;c__Clostridia;o__Oscillospirales;f__Ruminococcaceae;g__Ruthenibacterium;s__Ruthenibacterium avium",0.0566410761713574,0.0398818035823754,0.174279452492978,0.146089404193183,0.0162703512290055,0.0335732232980491,0.0250570592008899,0.284335649583677,0.0336876290202828,0.032711509904385,0.0750217201500329,0.105250086194971,0.075626109286795,0.00308546439261464,0.0933475012492616,0.0796572026633238
"t__d__Bacteria;p__Firmicutes_A;c__Clostridia;o__Oscillospirales;f__Ruminococcaceae;g__Ruthenibacterium;s__Ruthenibacterium lactatiformans",0.0555342571663486,0.0453148888427615,0.214713145340016,0.0486859127037382,0.058115553622412,0.13901331262998,0.15316295215985,0.314779290187477,0.136858491333495,0.0819440893076673,0.0422579749990588,0.137801926900679,0.0826550929657557,0.184356608306844,0.220126823359574,0.12768802132171
"t__d__Bacteria;p__Firmicutes_A;c__Clostridia;o__Oscillospirales;f__Ruminococcaceae;g__Ruthenibacterium;s__Ruthenibacterium merdigallinarum",0.084115131613311,0.00847955696493456,0.0629452597157755,0.0243479111567443,0.0166880053342144,0.0422106980192745,0.0269232941669864,0.260526428237192,0.00609408020178735,0.0374227661726569,0.0748863800317109,0.0371371438707443,0.0396912167002575,0.0224764473228229,0.115938636168264,0.0573255303784451
"t__d__Bacteria;p__Firmicutes_A;c__Clostridia;o__Oscillospirales;f__Ruminococcaceae;g__Ruthenibacterium;s__Ruthenibacterium sp905212515",0.0559232192288221,0.00691558923118103,0.0669463881183068,0.0509956083054524,0.0454666597313284,0.0478651719453951,0.0620730709187155,0.0880455788170314,0.0590419118882305,0.194875517075951,0.126056412162479,0.0902970031997785,0.0289484143880372,0.160073448655806,0.0645806254070306,0.0765403079382364
"t__d__Bacteria;p__Firmicutes_A;c__Clostridia;o__Oscillospirales;f__Ruminococcaceae;g__SFJ001",0.0240055217773373,0.032161596897634,0.128535606868877,0.063998539626043,0.0349459241651112,0.0758327228175013,0.0349061738168492,0.273828940702927,0.0765974259471408,0.0235535218654285,0.129937921714793,0.0696030438884735,0.0324769800671913,0.0690984369794996,0.074769368807434,0.0762834483961493
"t__d__Bacteria;p__Firmicutes_A;c__Clostridia;o__Oscillospirales;f__Ruminococcaceae;g__SFJ001;s__SFJ001 sp004555865",0.0495943435402766,0.0273252678046154,0.00228059731303855,0.0318942530914054,0.0161490546971716,0.0906861463884455,0.0461198425309951,0.180454191087204,0.0491174634884331,0.0292994359708321,0.0584210793194357,0,0.0208669185694387,0.0673160791087516,0.00588840563366225,0.0450275385695804
"t__d__Bacteria;p__Firmicutes_A;c__Clostridia;o__Oscillospirales;f__Ruminococcaceae;g__UBA1405",0.0136730577842563,0.00311981469075836,0.047567291733157,0.0411884057960832,0.0272658787797497,0.058282653334038,0.033451643157845,0.318782896995591,0.0288026840108379,0.0288422169195057,0.0455561077394434,0.0726393318137823,0.0481006395429267,0.184835420744237,0.0597161268190599,0.0674549446574181
"t__d__Bacteria;p__Firmicutes_A;c__Clostridia;o__Oscillospirales;f__Ruminococcaceae;g__UBA1405;s__UBA1405 sp002305685",0.0251663617525689,0.0184368668006792,0.0625425654706891,0.0804586250438936,0.0469970611121057,0.038966569205174,0.0309971249174931,0.126469785492814,0.0288201865159434,0.0204409451215406,0.0308981063843093,0.0462302226624905,0.0216411225641586,0.103853473956501,0.0214123841224082,0.0468887600748512
"t__d__Bacteria;p__Firmicutes_A;c__Clostridia;o__Oscillospirales;f__Ruminococcaceae;g__UBA3818;s__UBA3818 sp904397845",0.015262210328119,0,0.0302282807491835,0.0110256669515825,0.0211557565562155,0.00643730064106072,0.0062643689893117,0.242238898107158,0.0240701761911765,0,0.0102736243486437,0.0141730681272733,0,0.0943264656391358,0.138957033678452,0.0409608566871542
"t__d__Bacteria;p__Firmicutes_A;c__Clostridia;o__Oscillospirales;f__UBA644;g__QAKR01",0.043486588563891,0.0353295380710418,0.00663446491065757,0.00293720833001996,0.031402766808277,0.00735691501835511,0.0126163515309215,0.228326193188657,0.0227394496876801,0.0220968065593187,0.0238207074358257,0.042721409288382,0.0299919713966996,0.119672034291281,0.0229278512042424,0.04347068375235
"t__d__Bacteria;p__Firmicutes_A;c__Clostridia;o__Peptostreptococcales;f__Anaerovoracaceae;g__Bacilliculturomica;s__Bacilliculturomica massiliensis",0.0427461245354307,0.0191355058203289,0.134348060806816,0.0208480287917998,0.163905178073114,0.0886872554398702,0.0595428806417769,0.11176946593319,0.0449728523990328,0.0507465299073122,0.0904399413616933,0.129782923856128,0.0555004955101655,0.0371659240666021,0.0870522573331355,0.0757762282984264
"t__d__Bacteria;p__Firmicutes_A;c__Clostridia;o__Peptostreptococcales;f__Anaerovoracaceae;g__Baileyella",0.0255980902202912,0,0.0142167105228376,0.0217930019024677,0.0326119842798473,0.062594820970618,0.0186437558044466,0.210686406750184,0.0830345070511421,0.0739997761270859,0.0993415729851479,0.00730933227948543,0.033885256339554,0.00624949385078198,0.0277321257631516,0.0478464556564694
"t__d__Bacteria;p__Firmicutes_A;c__Clostridia;o__Peptostreptococcales;f__Anaerovoracaceae;g__CAG-238",0.0743571741862205,0.0101480410406008,0.0154804181248677,0.0105086806996407,0.0304845186828153,0.15869902785255,0.0514261472071584,0.215999479850843,0.0269369465854241,0.00615365037805263,0.0893647885894557,0.0718437688083674,0.0938225026986597,0.0479155748412632,0.0542814938817185,0.0638281475618425
"t__d__Bacteria;p__Firmicutes_A;c__Clostridia;o__Peptostreptococcales;f__Anaerovoracaceae;g__CAG-238;s__CAG-238 sp900542245",0.0286286750491173,0.0148070396905488,0.0505868996043698,0.0525890907927218,0.027415853280247,0,0.0141093370894944,0.281267680590984,0.0183115144774808,0.0845906456445985,0.011753638537414,0.0330113827068978,0.00319137856828677,0.023149224035402,0.0778305062871834,0.0480828577569831
"t__d__Bacteria;p__Firmicutes_A;c__Clostridia;o__Peptostreptococcales;f__Anaerovoracaceae;g__CAG-238;s__CAG-238 sp900551415",0.0349031494477891,0.0351893016073454,0.0785751399238413,0.0818659482350463,0.051840942695153,0.0339461152702141,0.0318923418439695,0.408983079313292,0.148666209071471,0.0110810298474354,0.0505433840224223,0.0477524708361674,0.0497427638085046,0.12756967984578,0.0852264986077727,0.0851852036250802
"t__d__Bacteria;p__Firmicutes_A;c__Clostridia;o__Peptostreptococcales;f__Anaerovoracaceae;g__Copromorpha",0.0204288512499054,0.02666415095437,0.135358158364155,0.0505261048818851,0.0653457356719659,0.0658439542282122,0.0524562124469599,0.140667566190444,0.100717477942618,0.0856680241667242,0.0494844436503675,0.06390458903138,0.0131201118918456,0.0994689784002538,0.0375285391896312,0.0671455265507145
"t__d__Bacteria;p__Firmicutes_A;c__Clostridia;o__Peptostreptococcales;f__Anaerovoracaceae;g__Copromorpha;s__Copromorpha excrementipullorum",0.010860352527104,0.0401308190775016,0.107326121978881,0.0608075991016559,0.0571677846097028,0.0442107404235625,0.0324633632885381,0.210657430143584,0.00917787572483435,0.0111677358712807,0.0915803025243839,0.0213515878883223,0.0460184442302681,0.11580723464128,0.119331613539773,0.0652039337047115
"t__d__Bacteria;p__Firmicutes_A;c__Clostridia;o__Peptostreptococcales;f__Anaerovoracaceae;g__Copromorpha;s__Copromorpha sp900549125",0.0632938490856045,0.0456826563490923,0.179418313123362,0.033589287179521,0.0305084839979759,0.149068751672069,0.0191272066473651,0.305044711205139,0.187759120136666,0.129838792856531,0.0740282191468435,0.147306530237338,0.162981296737245,0.200684374609641,0.0777575995483507,0.12040594616885
"t__d__Bacteria;p__Firmicutes_A;c__Clostridia;o__Peptostreptococcales;f__Anaerovoracaceae;g__Copromorpha;s__Copromorpha sp905193765",0.0695361263889903,0.00920978322289442,0.0600564938574826,0.00673324950507497,0.0622597837655408,0.0150116099303103,0.0959226553996411,0.119153832106188,0.0973543503491101,0.00347567289871491,0.0558690045034945,0.123493931699488,0.0569033426763019,0.065201774413887,0.0228838191975174,0.0575376953276424
"t__d__Bacteria;p__Firmicutes_A;c__Clostridia;o__Peptostreptococcales;f__Anaerovoracaceae;g__Emergencia",0.0406442912505929,0.0328998179166278,0.137434570191968,0.082770868025923,0.0698435707509943,0.053353957978091,0.00436485065061718,0.172431929414025,0.0503442559782663,0.136595569762392,0.0145360046277565,0.0692367018434808,0.0328145764868135,0.0412020063059445,0.0797325173742461,0.0678803659038493
"t__d__Bacteria;p__Firmicutes_A;c__Clostridia;o__Peptostreptococcales;f__Anaerovoracaceae;g__Emergencia;s__Emergencia sp900551775",0.086286404276906,0.0547360424818919,0.0784293380350945,0.0366890242126518,0.0371289214654055,0.0621741104331686,0.0552899964163604,0.295595304330239,0.0101865432419271,0.0363501344349085,0.0993345059706296,0.0591785669603469,0.0893654247857982,0.0123303796563229,0.0914835614652063,0.0736372172111238
"t__d__Bacteria;p__Firmicutes_A;c__Clostridia;o__Peptostreptococcales;f__Anaerovoracaceae;g__Emergencia;s__Emergencia sp904420065",0.0292031209083995,0.00309942374506713,0.049322683687733,0.0294011274655043,0.0117124738199872,0.0511352429241802,0.0237115315344004,0.199887537745498,0.0518062465907563,0.00646133289695527,0.0480733013801394,0.0190745875212887,0.0431080294464099,0.0407549235286998,0.0336739878974129,0.0426950367394955
"t__d__Bacteria;p__Firmicutes_A;c__Clostridia;o__Peptostreptococcales;f__Anaerovoracaceae;g__Eubacterium_M",0.140006128714151,0.0363371138295134,0.320951479488832,0.192726167099081,0.0366829948389338,0.131579094095566,0.128477789869562,0.22427292907437,0.108849326328865,0.114530860179535,0.179560188011004,0.382845124311206,0.307762416245836,0.538551938937585,0.198152261626051,0.202752387510006
"t__d__Bacteria;p__Firmicutes_A;c__Clostridia;o__Peptostreptococcales;f__Anaerovoracaceae;g__Eubacterium_M;s__Eubacterium_M brachy",0.0573902673742495,0.015675004719865,0.146066537816375,0.0636477123529226,0.0708729046588227,0.160237778001763,0.0520653700904245,0.206234494630054,0.0721912048337156,0.142515784625208,0.0854976814516101,0.0281941367075576,0.0697564950942461,0.213276630923409,0.112298921369681,0.099728061643327
"t__d__Bacteria;p__Firmicutes_A;c__Clostridia;o__Peptostreptococcales;f__Anaerovoracaceae;g__Fimisoma;s__Fimisoma sp000435715",0.04170953338806,0.0425414390941752,0.151044411628938,0.0477469980081984,0.0836957061379597,0.0388172228874478,0.0383918111973305,0.282447476435462,0.0714003847947674,0.0157494989363284,0.0623691595319764,0.0313304822596421,0.0454729245811693,0.0926871718752015,0.0331983621874595,0.0719068388629411
"t__d__Bacteria;p__Firmicutes_A;c__Clostridia;o__Peptostreptococcales;f__Anaerovoracaceae;g__Fimisoma;s__Fimisoma sp900545135",0.0640964163493155,0.0323886739434698,0.196462789891164,0.0688230621599722,0.057738446392025,0.170025167955385,0.0914015861087283,0.270275558899371,0.0854102818078494,0.0642313382849569,0.0523191459116754,0.0969145754090068,0.0705160846057272,0.0584754941961204,0.177387357417434,0.103764398622147
"t__d__Bacteria;p__Firmicutes_A;c__Clostridia;o__Peptostreptococcales;f__Anaerovoracaceae;g__Hornefia",0.10529690418226,0.0289140734282364,0.124691289911178,0.0562925892063897,0.0992879892161066,0.0710061720752518,0.0565340644919411,0.1060394576408,0.0856379073415871,0.041446578068512,0.0176293603608794,0.0783541188843379,0.103860289031151,0.124016663244374,0.12797339049467,0.081798723171845
"t__d__Bacteria;p__Firmicutes_A;c__Clostridia;o__Peptostreptococcales;f__Anaerovoracaceae;g__Hornefia;s__Hornefia nodata",0.11471718275148,0.0111234874406298,0.0977212364091812,0.0402953921610851,0.0643402709625827,0.11576932803853,0.151191233827583,0.220025351059311,0.0401843264996045,0.0637801861675541,0.138062886194643,0.127650292467819,0.155876806758846,0.163935009318816,0.0839795786610669,0.105910171247915
"t__d__Bacteria;p__Firmicutes_A;c__Clostridia;o__Peptostreptococcales;f__Anaerovoracaceae;g__Mogibacterium;s__Mogibacterium pumilum",0.0566968826017352,0.0723106718234801,0.230286538647381,0.141785068737064,0.13701310688461,0.165514618313473,0.0389478013112641,0.291973990698362,0.107816922110683,0.0434359832065307,0.116684531912819,0.0678351741655699,0.186618736844803,0.214489861052111,0.231861544922008,0.140218095548793
"t__d__Bacteria;p__Firmicutes_A;c__Clostridia;o__Peptostreptococcales;f__Anaerovoracaceae;g__Mogibacterium;s__Mogibacterium timidum",0.135784562222337,0.0205066452232188,0.0804735345143737,0.288335061233919,0.140867137712137,0.182483536210035,0.189945773357536,0.21115665905855,0.116638855963047,0.0705371106622879,0.148245467176297,0.0857781910214938,0.107980396017377,0.131075209059345,0.127193990129721,0.135800141970778
"t__d__Bacteria;p__Firmicutes_A;c__Clostridia;o__Peptostreptococcales;f__Anaerovoracaceae;g__UMGS973",0.0326159450658856,0.00104459745171449,0.0642326370213904,0.0618599943526765,0.0521051168658556,0.0739407056847408,0.0646727024198971,0.159884362442134,0.0663814620284047,0.051281562217657,0.0810675053189491,0.126900913144517,0.0106596386192436,0.0665601303694718,0.0397814526537344,0.0635325817104182
"t__d__Bacteria;p__Firmicutes_A;c__Clostridia;o__Peptostreptococcales;f__Filifactoraceae;g__Filifactor",0.0550246991283951,0.00164656886456691,0.0132689298213151,0.103354615709719,0.0347867648822482,0.0678968176673901,0.0950510154827134,0.181011197083971,0.0972772209619323,0.0872757280089653,0.104648242872363,0.0294359732770138,0.0165876594290482,0.146716015948073,0.120311516004631,0.076952864342823
"t__d__Bacteria;p__Firmicutes_A;c__Clostridia;o__Peptostreptococcales;f__Filifactoraceae;g__Filifactor;s__Filifactor alocis",0.0157217195544894,0.0189606477436524,0.183795070919281,0.109194141763579,0.101104577591058,0.0717648356618466,0.031490178519596,0.420478566742846,0.0800869031477529,0.0839799827367482,0.0829085489587024,0.0806430831942259,0.0428292016501185,0.144396293371198,0.143575722635862,0.107395298279397
"t__d__Bacteria;p__Firmicutes_A;c__Clostridia;o__Peptostreptococcales;f__Peptostreptococcaceae;g__Intestinibacter",0.0345305011484021,0.056743625081944,0.0380443118294388,0.0331867764581047,0.0834467970152098,0.0440778874920942,0.092174736860068,0.128024533136582,0.030167344916591,0.119357182430971,0.0180878500674322,0.091340688884816,0.0469260980104923,0.071570653502446,0.0145574472609983,0.0601490956063727
"t__d__Bacteria;p__Firmicutes_A;c__Clostridia;o__Peptostreptococcales;f__Peptostreptococcaceae;g__Intestinibacter;s__Intestinibacter bartlettii_A",0.0115995388247603,0.0183886458553598,0.179488746077842,0.0683719448256337,0.0107210726611581,0.0717302007984093,0.0252116758092914,0.0812211335781368,0.0912665445307165,0.103727708136221,0.0149876699895267,0.0629670280338987,0.0340946274132058,0.0244980158950653,0.0294032886575635,0.0551785227391193
"t__d__Bacteria;p__Firmicutes_A;c__Clostridia;o__Peptostreptococcales;f__Peptostreptococcaceae;g__Intestinibacter;s__Intestinibacter sp900540355",0.0145860553067642,0.0158781369960093,0.00663446491065757,0.0296180344576587,0.0287377264154314,0.0799063033650242,0.03547397547385,0.0646534987566717,0.242287764280568,0.124567354166494,0.067340186986532,0.00742522870638401,0.106313516672441,0.0381339897554266,0.0584796736794639,0.0613357273286251
"t__d__Bacteria;p__Firmicutes_A;c__Clostridia;o__Peptostreptococcales;f__Peptostreptococcaceae;g__Peptacetobacter;s__Peptacetobacter sp900539645",0.0579284264888383,0.0308879261140318,0.0861598895461537,0.0211188184211971,0.0299968564841236,0.0620190717179657,0.0338427849363345,0.176573813523821,0.121341091283998,0.0502595205350457,0.0683383454105909,0.126240727001215,0.14689811640636,0.101649653837379,0.0896575497097391,0.0801941727611195
"t__d__Bacteria;p__Firmicutes_A;c__Clostridia;o__Peptostreptococcales;f__Peptostreptococcaceae;g__Peptostreptococcus",0.622635957455888,0.421137906627271,0.473934451764951,0.45052413066707,1,0.509431178741952,0.419987115401145,0.492079136537101,0.57595072638729,0.368821062789898,0.437456377861629,0.698405352523383,0.550901412214983,0.710181549436589,0.490870564330864,0.548154461516001
"t__d__Bacteria;p__Firmicutes_A;c__Clostridia;o__Peptostreptococcales;f__Peptostreptococcaceae;g__Peptostreptococcus;s__Peptostreptococcus anaerobius",0.0514778361662577,0.00626610929015741,0.0812413821846194,0.0604538407168267,0.0770493496222771,0.151439216414752,0.0508695683388785,0.160668573059087,0.198246447054395,0.076418974968357,0.0960098216972895,0.250005474278039,0.122821422005315,0.185100676655528,0.0346294331312994,0.106846541705539
"t__d__Bacteria;p__Firmicutes_A;c__Clostridia;o__Peptostreptococcales;f__Peptostreptococcaceae;g__Peptostreptococcus;s__Peptostreptococcus russellii",0.0270595906620716,0.0362494818283772,0.0986236648851134,0.0583486829510791,0.141933037069418,0.181805956856311,0.0978578218100785,0.252171104445012,0.106790887685685,0.0494930609917658,0.176700722133365,0.0670243169006642,0.133894438483825,0.076971902505038,0.0724497808047247,0.105158296667502
"t__d__Bacteria;p__Firmicutes_A;c__Clostridia;o__Peptostreptococcales;f__Peptostreptococcaceae;g__Peptostreptococcus;s__Peptostreptococcus sp000758885",0.174534544468953,0.121538084286601,0.182160567249674,0.0665417626830388,0.230956488257386,0.22429729896117,0.0901872771458047,0.202485614362737,0.241921705832241,0.195844606106969,0.129466530566445,0.44708711764425,0.179191072239336,0.455168739181857,0.251021007595594,0.212826827772137
"t__d__Bacteria;p__Firmicutes_A;c__Clostridia;o__Peptostreptococcales;f__Peptostreptococcaceae;g__Peptostreptococcus;s__Peptostreptococcus sp900759325",0.128971161505681,0.1495247958814,0.322080064336989,0.229120804393695,0.259410185783813,0.182509286181775,0.104033004368597,0.436707475212046,0.143495002360831,0.163937049408659,0.435081272938992,0.220661305006217,0.154497102530316,0.185682883185527,0.140944810899148,0.217110413599579
"t__d__Bacteria;p__Firmicutes_A;c__Clostridia;o__Peptostreptococcales;f__Peptostreptococcaceae;g__Peptostreptococcus;s__Peptostreptococcus stomatis",0.864802335827715,1,0.919249474760379,0.899204560325089,0.733920116715274,0.675932948075073,0.726723363799389,1,0.659966657204474,0.513301724426302,0.903718658391553,1,1,1,0.905550024239673,0.853491324250995
"t__d__Bacteria;p__Firmicutes_A;c__Clostridia;o__Peptostreptococcales;f__Peptostreptococcaceae;g__Terrisporobacter",0.0419258281694106,0.12531551171549,0.0691036633909855,0.213352457509871,0.157228960685241,0.091303289214069,0.0740805166135536,0.174635229033118,0.28985605020593,0.331618652968737,0.130433802768513,0.0404975952029593,0.0809646614363961,0.115114790265199,0.048851119045421,0.132285475214993
"t__d__Bacteria;p__Firmicutes_A;c__Clostridia;o__Peptostreptococcales;f__Peptostreptococcaceae;g__Terrisporobacter;s__Terrisporobacter sp017888745",0.0107192166818097,0.00315592365708658,0.127730387259947,0,0.0519710378050732,0.00882829802202613,0.032129223645306,0.136599037243078,0.0345612019958319,0.102700847955674,0.0404290722790229,0.0707523331070097,0.0531313773554103,0.0722133323632975,0.0385247909140808,0.0522297386856436
"t__d__Bacteria;p__Firmicutes_A;c__Clostridia;o__Peptostreptococcales;f__Peptostreptococcaceae;g__Terrisporobacter;s__Terrisporobacter sp900557165",0.0644151393373833,0.044487534410385,0.242674990317423,0.0897310760276731,0.157094627793209,0.131254715392528,0.0314516182873889,0.223358382328466,0.230394828118819,0.258009719382677,0.0824338678063112,0.124200689188757,0.0917785385827753,0.139655758144392,0.0910148748344667,0.133463757330177
"t__d__Bacteria;p__Firmicutes_A;c__Clostridia;o__Saccharofermentanales;f__Fastidiosipilaceae;g__KA00274",0.104602429280174,0.0532291314837734,0.289380702904986,0.0799862925021104,0.155081496575577,0.0567660345156154,0.0497993240956188,0.479775539413436,0.101510825245952,0.0760034894915863,0.103984589950974,0.0984147047010406,0.06431741866135,0.151073520839995,0.143475980076763,0.13382676531593
"t__d__Bacteria;p__Firmicutes_A;c__Clostridia;o__Saccharofermentanales;f__Fastidiosipilaceae;g__KA00274;s__KA00274 sp001552885",0.0463441531170592,0.0040773689255269,0.135752552833899,0.00883370926321789,0.0517985650939303,0.099808776297209,0.00142700202061608,0.533095332254372,0.0466277680598998,0.0738973580661697,0.103812946245177,0.0492846608866911,0.0105895743402243,0.0882261450695945,0.0514887377768881,0.0870043100166984
"t__d__Bacteria;p__Firmicutes_A;c__Clostridia;o__TANB77;f__CAG-465;g__CAG-465;s__CAG-465 sp900554875",0.046645290459602,0,0.0784973977634623,0.0603747958295723,0.0160356827016641,0.0624090027743112,0.00829927852874295,0.231505375847856,0.0528334891184177,0.0669458847594516,0.0539232748790489,0.0293311228010167,0.115299375397099,0.0855674209167949,0.108093214111085,0.067717373725875
"t__d__Bacteria;p__Firmicutes_A;c__Clostridia;o__TANB77;f__CAG-508;g__CAG-269;s__CAG-269 sp900555615",0.0174327408113786,0.0168512695493622,0.0905871765976008,0,0.0204766068024132,0.051802896290099,0.0242269996112352,0.204447299167559,0.0427017020233584,0.0344845234882458,0.0252263504195001,0,0.0295390401379419,0.0494450801492035,0.024155064028534,0.0420917832717621
"t__d__Bacteria;p__Firmicutes_A;c__Clostridia;o__TANB77;f__CAG-508;g__CAG-269;s__CAG-269 sp900556345",0.0445940184164968,0.0648110811741425,0.0548200966773757,0.0174656288932662,0.0464097838231473,0.126886672416251,0.0290645975838375,0.32110499369844,0.0911410700087896,0.168136044571196,0.0493100584125821,0.0686483491098012,0.00547093468849161,0.0905186652458773,0.185037878143701,0.0908946581908931
"t__d__Bacteria;p__Firmicutes_A;c__Clostridia;o__TANB77;f__CAG-508;g__CAG-269;s__CAG-269 sp900762425",0.0267668691442181,0.0144975673088988,0.131763365019966,0.043997546208561,0.0338185347706023,0.0131867382777632,0.0436791186033924,0.11151954146501,0.0607077452313104,0.0357501010606053,0.0188373260114719,0.120464734420621,0.0276694931218454,0.159860797635569,0.071585581854041,0.0609403373422584
"t__d__Bacteria;p__Firmicutes_A;c__Clostridia;o__TANB77;f__CAG-508;g__CAG-269;s__CAG-269 sp904419495",0.0316105238396272,0.0389174195022988,0.0864851105550843,0.00542871587448664,0,0.0387728285351977,0.010530404271033,0.148277394576564,0.0171190570928472,0.056241114434336,0.110098811013733,0.0346595503163671,0.00600239691537366,0.0497876343445631,0,0.0422620640847675
"t__d__Bacteria;p__Firmicutes_A;c__Clostridia;o__TANB77;f__CAG-508;g__CAG-269;s__CAG-269 sp905213875",0.0152432805112567,0.0273808156765603,0.0276918134188346,0,0.0423883237266223,0.0907820406956215,0.0110754043731031,0.203634609334137,0.00795823690775558,0,0.0425095597618355,0.0546917999608485,0.00626877933056331,0.0455362524880964,0.0475338807354672,0.0415129864613801
"t__d__Bacteria;p__Firmicutes_A;c__Clostridia;o__TANB77;f__CAG-508;g__CAG-269;s__CAG-269 sp905215845",0.0381507829659727,0.0565866198985613,0.216217655811289,0.114504369024235,0.0917856314021836,0.283615189604315,0.0979567006631665,0.449589209820452,0.268719021410928,0.217145508622263,0.387472602836183,0.161691740382803,0.153814346674027,0.245549986113001,0.212965926157834,0.199717686092481
"t__d__Bacteria;p__Firmicutes_A;c__Clostridia;o__TANB77;f__CAG-508;g__CAG-273;s__CAG-273 sp000437855",0.0507177482156867,0.0236816221658958,0.0619685181154832,0.0245171818042108,0.0307243066862151,0.0632500694275914,0.00782867141692839,0.0500348984799189,0.0710341996248029,0.0231536208906406,0.039164329108052,0.0477256716913923,0,0.100273970151884,0.0249150413146752,0.0412659899395585
"t__d__Bacteria;p__Firmicutes_A;c__Clostridia;o__TANB77;f__CAG-508;g__Merdicola",0.014175025196517,0.0828245842500664,0.185588041194128,0.182991442826663,0.126544228331002,0.201160789196733,0.0492059071753355,0.180145438565963,0.102060699066802,0.364193997474994,0.0984357854136347,0.107703796563477,0.152736701079548,0.20683399920772,0.139385686731188,0.146265741484918
"t__d__Bacteria;p__Firmicutes_A;c__Clostridia;o__TANB77;f__CAG-508;g__Merdicola;s__Merdicola sp001915925",0,0.0182366903859051,0.0320490942149253,0.00606908543824784,0.00496342559813412,0.0156341036357805,0.0241192310986676,0.0749203826363346,0.0279612880129012,0.0203412331941184,0.0350101572871536,0.0340461280286477,0.0194728580099918,0.0108079481889994,0.0077285323941817,0.0220906772082659
"t__d__Bacteria;p__Firmicutes_A;c__Clostridia;o__TANB77;f__CAG-508;g__Merdicola;s__Merdicola sp018371855",0.00412992054810559,0.0432393278006806,0.0331206274241139,0,0.0193942278499154,0,0.00430532995992695,0.00495499706594576,0.0288264647267924,0.0233838714366,0.0369103775325829,0.00698301508564825,0.00285951591652874,0,0,0.0138738450231227
"t__d__Bacteria;p__Firmicutes_A;c__Clostridia;o__TANB77;f__CAG-508;g__Merdicola;s__Merdicola sp905200315",0.0364905234564723,0.0500132059654353,0.0588491808183662,0.0573273153853609,0.0929927696385063,0.0986830022025945,0.0247184407143707,0.291158189470669,0.118664900923681,0.0775478957353454,0.115445140735099,0.120321494987957,0.103902732488836,0.145019973355909,0.0789130732307933,0.0980031892739597
"t__d__Bacteria;p__Firmicutes_A;c__Clostridia;o__Tissierellales;f__Peptoniphilaceae;g__Anaerococcus",0.0483245118748484,0.0423966465466012,0.0498337550563545,0.101595265086126,0.0985520605157614,0.0119256558646507,0.030079698717441,0.274446993578934,0.273502862196184,0.0712197156483547,0.213649532017586,0.134192029958627,0.0930667486300996,0.287976400094862,0.0969091710313852,0.121844736454521
"t__d__Bacteria;p__Firmicutes_A;c__Clostridia;o__Tissierellales;f__Peptoniphilaceae;g__Parvimonas",0.771976884131039,0.409238179143772,0.831289834843965,0.683768897178265,0.574675426311758,0.7018416833853,0.557088965987243,0.323729409550809,0.849422728888436,0.731712399521007,0.511620642949935,0.801436890719049,0.623411671793637,0.590724939697875,0.720199889158117,0.645475896217347
"t__d__Bacteria;p__Firmicutes_A;c__Clostridia;o__Tissierellales;f__Peptoniphilaceae;g__Parvimonas;s__Parvimonas micra",0.6202139791979,0.623428131336009,0.850381791460382,0.66759947143661,0.76054811282901,0.439040958414977,0.455598039401489,0.428712612738585,0.933109771501544,0.714889336361481,0.226607241082542,0.725523629618379,0.493642887505941,0.585465649847781,0.91442257307866,0.629278945720753
"t__d__Bacteria;p__Firmicutes_A;c__Clostridia;o__Tissierellales;f__Peptoniphilaceae;g__Parvimonas;s__Parvimonas sp000214475",0.82164977635545,0.602343231945456,0.717060387654506,0.358273316895278,0.778285711444627,0.63424197681856,0.707497290759553,0.496051758780639,1,0.321146579508095,0.65287361479307,0.529069121912519,0.564647148074571,0.648048517203929,0.67891434078112,0.634006851528492
"t__d__Bacteria;p__Firmicutes_A;c__Clostridia;o__Tissierellales;f__Peptoniphilaceae;g__Parvimonas;s__Parvimonas sp000223315",0.59567418349121,0.313181516747166,0.834613528260262,0.387455937381267,0.497892474005126,0.59287896341779,0.323591762605563,0.478890828113521,0.470296101448542,0.191846493558475,0.252592692036615,0.298377570742532,0.559137701901777,0.579666176275959,0.694885158780664,0.471398739251098
"t__d__Bacteria;p__Firmicutes_A;c__Clostridia;o__Tissierellales;f__Peptoniphilaceae;g__Parvimonas;s__Parvimonas sp015257355",0.0638213224542925,0.1111494105878,0.119729219743548,0.231822232329729,0.15002964243536,0.22590197566863,0.0529654593224493,0.25266938336349,0.308386461703669,0.126395281871317,0.286874179421287,0.308615999947414,0.159723121691824,0.209378538163418,0.254394798213178,0.19079046846116
"t__d__Bacteria;p__Firmicutes_A;c__Clostridia;o__Tissierellales;f__Peptoniphilaceae;g__Peptoniphilus_A",0.0534591186350431,0.0227282796262868,0.124737582568903,0.0644935519096715,0.0191515592591419,0.0442653242077321,0.0499884994660027,0.385018260297855,0.055950345704667,0.0630605479482308,0.0851634315115242,0.0481393415758022,0.0528498772461923,0.209661612211889,0.0378396975663182,0.087767135315684
"t__d__Bacteria;p__Firmicutes_A;c__Clostridia;o__Tissierellales;f__Peptoniphilaceae;g__Peptoniphilus_A;s__Peptoniphilus_A lacrimalis",0.0400446785419959,0.0297965955082905,0.0360495581922965,0.0718129125649005,0.0262784850047554,0.0344231597117581,0.0292440646438076,0.0979097856032892,0,0.0611923033869054,0.0367086653749457,0.042781383138837,0.010438467400438,0.0294216429380918,0.0537550438510022,0.0399904497240876
"t__d__Bacteria;p__Firmicutes_A;c__Clostridia;o__Tissierellales;f__Peptoniphilaceae;g__Peptoniphilus_C",0.0524674274300971,0.0237642307917741,0.153934953321171,0.0435314074903479,0.0229413318124639,0.0566290412756644,0.0290098699797497,0.304680247726074,0.0853251991440867,0.0302171168732389,0.11362975201685,0.123400040196107,0.0808833237188868,0.11482796212549,0.185066357185611,0.0946872174058409
"t__d__Bacteria;p__Firmicutes_A;c__Clostridia;o__Tissierellales;f__Peptoniphilaceae;g__W5053",0.0315784987694563,0.0377787472124844,0.0932012514637546,0.0666146985249141,0.0473262625887423,0.03592547213671,0.0164949784587133,0.146904463126339,0.0385825147983129,0.0882192646366387,0.0795734220799217,0.132686661113719,0.0411435487074012,0.0344808652813248,0.0892503306180001,0.0653173986344288
"t__d__Bacteria;p__Firmicutes_A;c__Clostridia;o__Tissierellales;f__Peptoniphilaceae;g__W5053;s__W5053 sp000467935",0.00372842319367295,0.0396482293781984,0.131152043988234,0.0275804075907646,0.061708613437224,0.0690272201662568,0.0301584667294303,0.232980765838604,0.0768950968057912,0.0439599974228127,0.146936559839925,0.172120669666017,0.0407378590607288,0.0230814639555548,0.0388701831695013,0.0759057333495144
"t__d__Bacteria;p__Firmicutes_A;c__Clostridia;o__UBA1212;f__UBA1255;g__Egerieisoma;s__Egerieisoma sp017560765",0,0,0,0.0277331086698213,0.0154229371024948,0,0.00849207239994928,0.0388902919065496,0.0262662629427256,0,0.00698501947366319,0,0.00624400154664804,0.0204314682943578,0.0278812085507093,0.0118897580591279
"t__d__Bacteria;p__Firmicutes_A;c__Clostridia;o__UBA1381;f__UBA1381;g__CAG-41;s__CAG-41 sp910578235",0.00412088879300695,0.0125105982313535,0.170938693579502,0.0588729082919728,0,0.0479241626134533,0.0352302147000873,0.125441500606718,0.0505057005541373,0.0552360365119355,0.0201826764599595,0.0530149372493726,0.102513655968417,0.0523259463418915,0.0430923134947941,0.0554606822264401
"t__d__Bacteria;p__Firmicutes_A;c__Clostridia;o__UBA1381;f__UBA1381;g__HGM11521;s__HGM11521 sp900751885",0.0871564637752582,0.032430196520552,0.140822926583497,0.0798915561684569,0.0654397341800465,0.13701748864097,0.0546669221231605,0.118662508600708,0.107966032726261,0.104939661377201,0.0385550869554492,0.0812306071407032,0.120827055562972,0.200846654047975,0.258895164568325,0.108623203931436
"t__d__Bacteria;p__Firmicutes_A;c__Clostridia;o__UBA1381;f__UBA1381;g__Ornithomonoglobus",0.0640998883566924,0.0271070759268722,0.105477225363831,0.0756934329762503,0.0102120737212076,0.075844794226818,0.0362126760757957,0.0697164461887164,0.0371257263209489,0.0924942316229109,0.037504557310906,0.219339523860571,0.0573231949246945,0.00644249778567657,0.122332057082812,0.0691283601163135
"t__d__Bacteria;p__Firmicutes_A;c__Clostridia;o__UBA1381;f__UMGS1253;g__Aphodoplasma",0.0765027134333778,0.0618850077577281,0.087871041321208,0.0228880642487537,0.0406977679738958,0.037596479935375,0.0672328364433399,0.151058292278151,0.0489015447599911,0.0246263361620543,0.0589486314817969,0.0952322560118247,0.075405332169916,0.0156237346269549,0.0680086867282835,0.06216524835551
"t__d__Bacteria;p__Firmicutes_A;c__Clostridia;o__UMGS1810;f__UMGS1810;g__NSJ-50",0.041543938811961,0.0255813484519285,0.0648834871917285,0.0351615466066214,0.0382690966367625,0.0916541934555739,0.0174820854387844,0.373365333701369,0.0624119428000584,0.0529875910838694,0.0613658688666925,0.0531382203721269,0.0477863040917852,0.0670947091776951,0.138186990995855,0.0780608438455208
"t__d__Bacteria;p__Firmicutes_A;c__Clostridia;o__UMGS1810;f__UMGS1810;g__NSJ-50;s__NSJ-50 sp014385105",0.0117639767314715,0.0361058021892372,0.195751761950579,0.0583353867164214,0.0316206528349423,0.023360688472442,0.0367162059197148,0.308641777724865,0.113380782299696,0.0484137696969822,0.0385597701617429,0.040384294734533,0.0330328405055137,0.0718869827942483,0.133589226432849,0.0787695946110159
"t__d__Bacteria;p__Firmicutes_A;c__Clostridia;o__UMGS1810;f__UMGS1810;g__RGIG1828",0.040590122367163,0.0377417892194868,0.189738796643759,0.0868071471240666,0.0540504100975174,0.11415541686885,0.0507016391192145,0.185884993089378,0.179872441904603,0.0403349590237602,0.0839783106867328,0.124659773145061,0.13108358988355,0.0932361576706722,0.115186510813598,0.101868137177161
"t__d__Bacteria;p__Firmicutes_B;c__Dehalobacteriia;o__UBA4068;f__UBA4068;g__HGM13862",0.044724770281143,0,0.0535285478426547,0.0862682553173291,0.0195370861254885,0.0305370361476168,0.0159309517949303,0.144857724812853,0.00477494214465335,0.0235597263750299,0.0670016957260808,0.0520816064913955,0.0456268801471588,0.128155429942211,0.104022048287408,0.0547071134290635
"t__d__Bacteria;p__Firmicutes_B;c__Dehalobacteriia;o__UBA4068;f__UBA4068;g__HGM13862;s__HGM13862 sp900760825",0.0141698911779742,0.00759954860569343,0.0315966391370067,0.0193259580072428,0.0110708602670577,0.0544451209268041,0.0393764086011496,0.198571382688913,0.0489485116880437,0,0.0715579408175324,0.0559800935852659,0.0269276557518735,0.0844595046333067,0.0930009650108967,0.050468698726584
"t__d__Bacteria;p__Firmicutes_B;c__Dehalobacteriia;o__UBA4068;f__UBA5755;g__Avidehalobacter",0.0436985928359934,0.0226076966580595,0.0792366206943307,0.0241417912739359,0.021687853632065,0.0756923431828151,0.0238264379598615,0.153746747512628,0.10173836056499,0.0965462697484876,0.1019025285906,0.0595829040776941,0.0344579779798403,0.0272664698076804,0.114695565826077,0.0653885440230038
"t__d__Bacteria;p__Firmicutes_B;c__Dehalobacteriia;o__UBA4068;f__UBA5755;g__Avidehalobacter;s__Avidehalobacter gallistercoris",0.0352130431996221,0.012994989885372,0.0724080861846157,0.0547440500514946,0.0589126489145164,0.0746323232567667,0.0284793638614267,0.125083579965993,0.0472017950367847,0.0290899836053397,0.0445774153747784,0,0.0245195999618064,0.0355167922166511,0.0508857734920525,0.0462839630004814
"t__d__Bacteria;p__Firmicutes_B;c__Dehalobacteriia;o__UBA7702;f__UBA7702;g__Cryptoclostridium",0,0,0.0175706884866479,0.0154818934198322,0.00496624092745809,0.0210806393192955,0.00488027106323523,0.139217013569243,0.016181748379103,0,0.057374545068379,0.0291377935012301,0.00531896428047796,0.00721095444320997,0,0.0212280501638741
"t__d__Bacteria;p__Firmicutes_B;c__Dehalobacteriia;o__UBA7702;f__UBA7702;g__Cryptoclostridium;s__Cryptoclostridium obscurum",0.00755768401721786,0.0057523680010515,0.0255724279644802,0.0175609882943488,0.0227574359530781,0,0,0.0416369760690915,0,0.00358962938719737,0.0390195863988598,0,0.0181526147365586,0.0203408646618418,0.00588840563366225,0.0138552654078259
"t__d__Bacteria;p__Firmicutes_B;c__Peptococcia;o__Peptococcales;f__Peptococcaceae;g__Peptococcus",0.0194375782250866,0.057757946893715,0.0546122338242283,0.0435142404406028,0.00490915769840683,0.0597448398850039,0.0665822981870661,0.106756758504383,0.0419632967246925,0.00689208842341895,0.00338504789877523,0.01964829749997,0.0242706389520325,0.100877351618049,0.0614053925850879,0.0447838111573679
"t__d__Bacteria;p__Firmicutes_B;c__Peptococcia;o__Peptococcales;f__Peptococcaceae;g__Peptococcus;s__Peptococcus niger",0.0496640401065484,0.0201595704792619,0.0237160580085519,0.021030823236649,0.0229907175478535,0.0321974893489719,0.0254800660555245,0.148012961012656,0.0695305497151174,0.077820346636696,0.0571244799783434,0.00167543622092768,0.03518300275282,0.0926311801136335,0.0423879250812707,0.0479736430863217
"t__d__Bacteria;p__Firmicutes_C;c__Negativicutes;o__Acidaminococcales;f__Acidaminococcaceae;g__Acidaminococcus;s__Acidaminococcus massiliensis",0.00724256919230723,0.00493970659370073,0.0350441914387948,0.0333304354215588,0.0241984148592327,0.04115706611399,0.00634462874836769,0.216631654257789,0.0707121136119773,0.0177332216470475,0.00713551805509117,0.0578659966311975,0.0844492538256225,0,0.00966341892915592,0.0410965459550555
"t__d__Bacteria;p__Firmicutes_C;c__Negativicutes;o__Acidaminococcales;f__Acidaminococcaceae;g__Acidaminococcus;s__Acidaminococcus sp900554515",0.048950026448295,0.0380696637789523,0,0,0.0431746991931878,0.067425849471189,0.0704909690798176,0.086441574633536,0.0719595981549425,0.0162661216089402,0.00601786293115598,0.0255270235525703,0.0537912656978318,0.0973674469810874,0.0571992633534793,0.0455120909923324
"t__d__Bacteria;p__Firmicutes_C;c__Negativicutes;o__Acidaminococcales;f__Acidaminococcaceae;g__Acidaminococcus;s__Acidaminococcus sp900770265",0.0257783020276223,0.00860138740924937,0.0604126569511642,0.0939081344713828,0.0327070344687527,0.029185449978086,0.00789993878361199,0.258399447528662,0.00585988845603324,0.0263606638963248,0.014766713658612,0.0229687074650812,0.00478706785243016,0.0143738358567985,0.0618805732021335,0.0445259868003963
"t__d__Bacteria;p__Firmicutes_C;c__Negativicutes;o__Acidaminococcales;f__Acidaminococcaceae;g__CAG-266;s__CAG-266 sp003150755",0,0.0285058402981306,0.122417303125591,0.0112129216247779,0.0615706484348526,0.0889615474520666,0.0584452538264875,0.0839932543055492,0.0988545101302657,0.0254763974563591,0.0787436510140098,0.0402407316970593,0.0334588741730898,0.0789753728656102,0.108547381520793,0.0612935791949761
"t__d__Bacteria;p__Firmicutes_C;c__Negativicutes;o__Acidaminococcales;f__Acidaminococcaceae;g__Phascolarctobacterium",0.0386105332132648,0.0155916026763162,0.0219766650165532,0.0522127550484479,0.0330076213386323,0.0606607464577253,0.0624028407251367,0.209862343380162,0.0866902293220725,0.0472460887935428,0.0703417055964812,0.0460496792175368,0.0898147269587572,0.0488550175699079,0.152146247803301,0.0690312535411892
"t__d__Bacteria;p__Firmicutes_C;c__Negativicutes;o__Acidaminococcales;f__Acidaminococcaceae;g__Phascolarctobacterium_A",0.133646560631228,0.137712060534118,0.0646727707091939,0.12176881235561,0.0966683216160085,0.0592308297113523,0.0902888447733156,0.148479972961226,0.133218811131863,0.037957870345429,0.11427798794319,0.316218822136518,0.0725586210710271,0.143722193493324,0.358645689274711,0.135271211245874
"t__d__Bacteria;p__Firmicutes_C;c__Negativicutes;o__Acidaminococcales;f__Acidaminococcaceae;g__Phascolarctobacterium_A;s__Phascolarctobacterium_A sp004558595",0.0245752686982416,0.067035125419172,0.115431649434179,0.120677125403909,0.0289323789075489,0.103519660418825,0.0865782786968592,0.246377539381087,0.195550446411795,0.0953654095119747,0.0893762604042012,0.169731691550805,0.0304260007842951,0.0879111574137763,0.1735622900893,0.109003352168398
"t__d__Bacteria;p__Firmicutes_C;c__Negativicutes;o__Acidaminococcales;f__Acidaminococcaceae;g__Phascolarctobacterium_A;s__Phascolarctobacterium_A sp900553055",0.0733975463961256,0.0114179365215525,0.0590717804897393,0.0827089652161006,0.0352828636781938,0.0224791503196443,0.013801006107722,0.297711813487517,0.0562264992270263,0.0867777846832288,0.0935304081092748,0.0138345437684087,0.0388036563809515,0.0466778941886686,0.0832806297267057,0.067666831886724
"t__d__Bacteria;p__Firmicutes_C;c__Negativicutes;o__Acidaminococcales;f__Acidaminococcaceae;g__Phascolarctobacterium_A;s__Phascolarctobacterium_A sp900757795",0.110145224275693,0.126279359065496,0.241667731827783,0.0700605864360788,0.26143550866795,0.121016407147085,0.164969368781793,0.200552039424195,0.151534994940283,0.0583351544893139,0.300004531943601,0.287822683906236,0.0943246130179971,0.099642302512324,0.0822179369302812,0.158000562891074
"t__d__Bacteria;p__Firmicutes_C;c__Negativicutes;o__Acidaminococcales;f__Acidaminococcaceae;g__Phascolarctobacterium;s__Phascolarctobacterium faecium",0.0210470812125898,0.0237411287671744,0.0347583561585968,0.0162995275469197,0.0361859651558989,0.0343695109720046,0.010726272659307,0.211788301544679,0.0446369787951307,0.0462296271857603,0.0834000990475141,0.0115614087375106,0.0850768266687114,0.121473988535888,0.0538564799840083,0.0556767701981129
"t__d__Bacteria;p__Firmicutes_C;c__Negativicutes;o__Acidaminococcales;f__Acidaminococcaceae;g__Phascolarctobacterium;s__Phascolarctobacterium sp900551745",0.0121759134247484,0.0532793282954809,0.0848667488310106,0.0818488746750645,0.000915207256631559,0.0749266781023977,0.0267359106092402,0.119842442985843,0.0380538042404761,0.0854526670972319,0.105270797126466,0.042123360800914,0.0120902244538793,0.0713210218812968,0.0242192905102286,0.0555414846860606
"t__d__Bacteria;p__Firmicutes_C;c__Negativicutes;o__Selenomonadales;f__Selenomonadaceae;g__Centipeda",0.148264023001153,0.0721442662418568,0.121641378207706,0.181165129167515,0.081381005752007,0.293127867686139,0.206271832549871,0.275920635757149,0.153811380685839,0.196603253961708,0.218521896861488,0.262097838300731,0.0692274514253525,0.206109924195365,0.129786780942076,0.174404977649064
"t__d__Bacteria;p__Firmicutes_C;c__Negativicutes;o__Selenomonadales;f__Selenomonadaceae;g__Centipeda;s__Centipeda periodontii",0.0571884584700421,0.0976524651982934,0.425011271546688,0.150151763549451,0.181528537689618,0.0913960129367935,0.0601389260218539,0.23016239210518,0.0517360353819886,0.018047858863409,0.151666862261391,0.105120514526846,0.179922249796209,0.440066575179924,0.216924732198546,0.163780977048416
"t__d__Bacteria;p__Firmicutes_C;c__Negativicutes;o__Selenomonadales;f__Selenomonadaceae;g__Centipeda;s__Centipeda sp001683335",0.0802206213302174,0.0674500842041538,0.151928234343159,0.183031833029072,0.0898182615528833,0.107121401760781,0.162595544617674,0.203144990457372,0.0982516122506769,0.0695461928210409,0.149523214010398,0.0464657540397827,0.132997341217329,0.267119931087671,0.327027945580689,0.14241619748686
"t__d__Bacteria;p__Firmicutes_C;c__Negativicutes;o__Selenomonadales;f__Selenomonadaceae;g__Centipeda;s__Centipeda sp015265235",0.0323734874820299,0.0232392525427929,0.0766917908312602,0.00412239765616835,0.00406758780725138,0.0416564871935442,0.0428266235153941,0.104755649809482,0.0327850161483128,0,0.0666186472979385,0.0204509553809886,0.0147715236589274,0.0169718055227366,0.0173707966193036,0.0332468014310754
"t__d__Bacteria;p__Firmicutes_C;c__Negativicutes;o__Selenomonadales;f__Selenomonadaceae;g__Megamonas;s__Megamonas funiformis",0.0561932816211479,0.0282330484913202,0.0844253562109531,0.0419934769303656,0.0241865980615804,0.0787229148901155,0.0343830512886313,0.330352134084107,0.0188180649906457,0.063530748795789,0.0592622446816571,0.0547291815620316,0.0228827748335943,0.0651307487309301,0.061643907638022,0.0682991688540594
"t__d__Bacteria;p__Firmicutes_C;c__Negativicutes;o__Selenomonadales;f__Selenomonadaceae;g__Mitsuokella",0.0261605118921622,0.0303097444932986,0.180687625244722,0.095604889053024,0.0134152174796848,0.049556867499457,0.0317303401750817,0.0856533025775482,0.0248296991521974,0.0249471883184933,0.0595078018083851,0.0775214031338797,0.0891808494566719,0.0228441853829199,0,0.0541299750445017
"t__d__Bacteria;p__Firmicutes_C;c__Negativicutes;o__Selenomonadales;f__Selenomonadaceae;g__Mitsuokella;s__Mitsuokella jalaludinii",0.0151035661780733,0.0464019652038799,0.0236108898291049,0.123210146180061,0.0145316390301469,0.0259944330648547,0.0231870882987341,0.139647673901177,0.019645476252288,0.00646958491853504,0.0117849815735138,0.0290509899918041,0.0218466923828054,0.0402514297739312,0.00207014260558438,0.0361871132789663
"t__d__Bacteria;p__Firmicutes_C;c__Negativicutes;o__Selenomonadales;f__Selenomonadaceae;g__Mitsuokella;s__Mitsuokella sp003458855",0.0080699364448075,0,0.00978855478621607,0.0208228899435932,0.0112796711352823,0.00696970896475747,0,0.0796334900957008,0,0.0062570219753124,0,0.00633619516278102,0.0206163055511326,0.0521142695910089,0.00441630422524669,0.0150869565250559
"t__d__Bacteria;p__Firmicutes_C;c__Negativicutes;o__Selenomonadales;f__Selenomonadaceae;g__Mitsuokella;s__Mitsuokella sp900552565",0.00790877647142748,0.00507692066574797,0.00796135789278908,0.0491068934575692,0.0315077428117787,0.0373591856671619,0.00601379422973923,0.184926514108955,0.00571581744409244,0.00698522475346514,0,0.029251727913091,0.00425517142438236,0.0401106733680506,0.0137396131452119,0.0286612942235641
"t__d__Bacteria;p__Firmicutes_C;c__Negativicutes;o__Selenomonadales;f__Selenomonadaceae;g__Pectinatus",0.0604440590059331,0.029347130359916,0.066355704116497,0.0918444296036075,0.0538138057618429,0.0951627971158935,0.0576970394263353,0.265962324432856,0.00621130685483363,0.0654756252214762,0.0591927057614788,0.092041919124503,0.0610461661134655,0.0876653393566829,0.0454787272473702,0.0758492719668461
"t__d__Bacteria;p__Firmicutes_C;c__Negativicutes;o__Selenomonadales;f__Selenomonadaceae;g__Selenomonas",0.118758156960223,0.0705492726993529,0.182441225899765,0.0622663659810085,0.0594164316321776,0.0823908631121438,0.077017967488609,0.248801134095446,0.133987666888867,0.0309901556964051,0.203286010662218,0.12198069451944,0.0659464995862927,0.0299317954556475,0.132793349781511,0.108037172697274
"t__d__Bacteria;p__Firmicutes_C;c__Negativicutes;o__Selenomonadales;f__Selenomonadaceae;g__Selenomonas;s__Selenomonas sp905372355",0.145055368415316,0.0897563795369649,0.124259610249134,0.005925946630742,0.0280164591211431,0.166046022275176,0.030630759280784,0.0278491059583972,0.043984380782982,0.0955296245850873,0.103404436516956,0.0701115027141326,0.0861751575717308,0.0598865567320409,0.14806714551872,0.0816465637259538
"t__d__Bacteria;p__Firmicutes_C;c__Negativicutes;o__Selenomonadales;f__Selenomonadaceae;g__Selenomonas;s__Selenomonas sp905373085",0.0348922514198557,0.0126197825872488,0.342776336205387,0.159586647572946,0.0293758204528168,0.0599528709927078,0.0325278828251433,0.0526030854100264,0.0170941926515764,0.101693164447302,0.18661590356711,0.1017672582559,0.134508729048766,0.146999023547202,0.128177433772421,0.102746025517094
"t__d__Bacteria;p__Firmicutes_C;c__Negativicutes;o__Selenomonadales;f__Selenomonadaceae;g__Selenomonas;s__Selenomonas sputigena",0.0460825334921149,0.0106051685289497,0.0764289761950449,0.106020266867706,0.0146022834220844,0.0905226247915308,0.0255894408404413,0.144438210508078,0.0223795268193854,0.0179481469359868,0.12457671204612,0.0246448321035625,0.0618108111750162,0.00999919016125116,0.181665695799343,0.063820961312441
"t__d__Bacteria;p__Firmicutes_C;c__Negativicutes;o__Veillonellales;f__Dialisteraceae;g__Allisonella",0.175342512576611,0.0921402744069061,0.152420428315033,0.10549451008204,0.0918679947305677,0.0336550985009924,0.119915964663658,0.233697508316901,0.0889817503667272,0.10046040260689,0.0543551565234872,0.120794832435164,0.348712283315914,0.0059995140967507,0.182913968869806,0.127116813320497
"t__d__Bacteria;p__Firmicutes_C;c__Negativicutes;o__Veillonellales;f__Dialisteraceae;g__Allisonella;s__Allisonella histaminiformans",0.0215139765786547,0.0663471208280147,0.170371381619781,0.0281982020828399,0.0098994853323032,0.0451036779261294,0.0683736949882347,0.195234584968854,0.0228811253230187,0.0218575953845135,0.0601291317376671,0.0588619970685678,0.132296388314872,0.0186388413093497,0.0100102895772258,0.0619811662026684
"t__d__Bacteria;p__Firmicutes_C;c__Negativicutes;o__Veillonellales;f__Dialisteraceae;g__Allisonella;s__Allisonella pneumosintes",0.454867822297339,0.206162217824885,0.40811576522711,0.362248042095979,0.219441455025669,0.255450760869986,0.168922363249541,0.202310476460632,0.235271444166476,0.26809575129571,0.346437255387209,0.271541992488311,0.33216789742658,0.118848275763026,0.356713377456817,0.280439659802351
"t__d__Bacteria;p__Firmicutes_C;c__Negativicutes;o__Veillonellales;f__Dialisteraceae;g__Dialister;s__Dialister sp000434475",0.018614498018782,0.0185041985281774,0.0897457472801757,0.0377549486988411,0,0.0371630779788864,0.0321573268871183,0.252332672931562,0.00763990743144535,0.102980637567799,0.0592168036043342,0.0860693182853373,0.0404365801409754,0.035676532310879,0.063780921368548,0.0588048780688574
"t__d__Bacteria;p__Firmicutes_C;c__Negativicutes;o__Veillonellales;f__Megasphaeraceae;g__Megasphaera;s__Megasphaera elsdenii",0.0217589471572873,0.0117233318090093,0.0290257839841269,0.0391375379122526,0,0.0382398285652429,0.00386601057626093,0.296153536691086,0.0402064921728117,0.0577044601748958,0.0181362377113619,0.014850457412768,0.0351139317746938,0.0493450918591237,0.0297922562456746,0.045670260269773
"t__d__Bacteria;p__Firmicutes_C;c__Negativicutes;o__Veillonellales;f__Megasphaeraceae;g__Megasphaera;s__Megasphaera sp001546855",0.0191468880641566,0,0.0401286371609205,0.0923254949489094,0.0778646056955156,0.0171330851101316,0.0266124359700203,0.191193556626795,0.0926187478837255,0.0769453742486213,0.0115235673149795,0.0993982461039968,0.00943229665738091,0.0748701852907249,0.0659271429804963,0.0596746842704249
"t__d__Bacteria;p__Firmicutes_C;c__Negativicutes;o__Veillonellales;f__Megasphaeraceae;g__Megasphaera;s__Megasphaera sp002319965",0.0483536749776831,0.038868415396536,0.0760272069047416,0.115993759713321,0.0377247957885613,0.162371310683064,0.0252908754579012,0.0958386440908871,0.0182877730695226,0.0358090258944302,0.0366772992970065,0.0715882183828243,0.0360975944460075,0.0704769545982824,0.101723452901587,0.064741933440157
"t__d__Bacteria;p__Firmicutes_C;c__Negativicutes;o__Veillonellales;f__Megasphaeraceae;g__Megasphaera;s__Megasphaera sp900539295",0.0139815869762736,0.0236412922044211,0.10878384312409,0.0233872555984014,0.0455933572751798,0.0478943660073591,0.0206798044050838,0.157947461600318,0.0395983954794871,0.062250950411381,0.0415491970323454,0.0110223395019212,0.0434337802483784,0.010749129423345,0.0410276574345428,0.0461026944481685
"t__d__Bacteria;p__Firmicutes_C;c__Negativicutes;o__Veillonellales;f__Megasphaeraceae;g__Megasphaera;s__Megasphaera sp900548635",0.0362527447371711,0.0313733474976825,0.0757608307358124,0.0527118215740587,0,0.0505574252074369,0.0209810434683076,0.176127453753253,0.0725959567934522,0.0720856638841548,0.0339438143870032,0.0651338733618141,0.0488903546541977,0.0178556967165199,0.0696401352317268,0.0549273441335061
"t__d__Bacteria;p__Firmicutes_C;c__Negativicutes;o__Veillonellales;f__Megasphaeraceae;g__Megasphaera;s__Megasphaera sp902388315",0.00753970023609419,0.0112540390437364,0.0432522004286953,0.0601097806226684,0.00819724594792508,0.0362440047670627,0.0196677522512125,0.0934741315981358,0.0259797460643838,0.019761071650719,0.0618919251261029,0.0277736554635235,0.0312455379724987,0.0242182766465065,0.022134886640577,0.0328495969639894
"t__d__Bacteria;p__Firmicutes_C;c__Negativicutes;o__Veillonellales;f__Megasphaeraceae;g__Megasphaera;s__Megasphaera stantonii",0.00986180488339943,0.0144213142781081,0.159147162950451,0.0582461917861949,0.044305636432337,0.107066199540936,0.0350074091537507,0.0786583567936435,0.0760032583372312,0.0807652980960499,0.0766644441944977,0.062616077076606,0.0543683771046077,0.0453324901542338,0.150866344012721,0.0702220243196512
"t__d__Bacteria;p__Firmicutes_C;c__Negativicutes;o__Veillonellales;f__Veillonellaceae;g__F0422",0.0370154141706046,0.0117830593970365,0.0481691314996863,0.0406992210199602,0.0304296082035442,0.022746522286865,0.0777556607023074,0.101214478313301,0.0342848307933145,0.0482579248234838,0.0809292213157728,0.0998722803215012,0.0857284771277211,0.0375313869257363,0.0986538755365527,0.0570047394958258
"t__d__Bacteria;p__Firmicutes_C;c__Negativicutes;o__Veillonellales;f__Veillonellaceae;g__Veillonella",0.100525058924252,0,0.0977273649717757,0.0197302904055168,0.0881998368579196,0.0404630326009531,0.0344035792722302,0.103645562952632,0.089781356417787,0.0771507010522777,0.0385686449334735,0.10978443023804,0.0529020759626174,0.0478094546931913,0.107597571408879,0.067219264046103
"t__d__Bacteria;p__Firmicutes_C;c__Negativicutes;o__Veillonellales;f__Veillonellaceae;g__Veillonella_A",0.0711358602001528,0.0313518853397326,0.020115153440078,0.101349648939717,0.0587561500289293,0.0658404001968362,0.0192065553212297,0.343156769274169,0.143771120140005,0.0864580321755807,0.166023517070374,0.133937558204482,0.118430740665308,0.0653291004564839,0.113742406327096,0.102573659852012
"t__d__Bacteria;p__Firmicutes_C;c__Negativicutes;o__Veillonellales;f__Veillonellaceae;g__Veillonella_A;s__Veillonella_A sp000431435",0.0241525245907982,0.0341386308075035,0.0510346054377923,0.0745323280112064,0.0289410329749816,0,0.0190197823840675,0.0616018696984802,0.0386302578017057,0.0480727845747209,0.0592691028640481,0,0.0174075194633824,0.0124989877015639,0.0529524364347414,0.0348167908496661
"t__d__Bacteria;p__Firmicutes_C;c__Negativicutes;o__Veillonellales;f__Veillonellaceae;g__Veillonella_A;s__Veillonella_A sp015058545",0.0295888215697064,0.0134557182419187,0.047514270369667,0,0.0310789130897801,0.0346249873170116,0.082153988439032,0.0526468438256738,0.0429928185353021,0.0362319615644247,0.0262236600646241,0,0.0570319186313472,0.0364189493165981,0.0745373294482518,0.0376333453608892
"t__d__Bacteria;p__Firmicutes_C;c__Negativicutes;o__Veillonellales;f__Veillonellaceae;g__Veillonella;s__Veillonella atypica",0.0218743872966617,0.0502883950351536,0.0505928210535448,0.123327799458996,0.0196804710946759,0.0320741058925232,0.0219848029049003,0.227267120937525,0.047020556714568,0.128997686389991,0.0839698157271381,0.0265521874059883,0.0464601434387285,0.0155663068456234,0.0172362735357439,0.0608595249154508
"t__d__Bacteria;p__Firmicutes_C;c__Negativicutes;o__Veillonellales;f__Veillonellaceae;g__Veillonella;s__Veillonella caviae",0.00711789882428473,0.0775232730094675,0.0602591260806995,0.00574550195981651,0.0606604472459834,0.102941645654685,0.0610659405567293,0.272872050856196,0.0450711701944499,0.0361751873832597,0.0685309489439088,0.0723316863776878,0.0834000535690946,0.0345382942679209,0.154034367202256,0.0761511728084293
"t__d__Bacteria;p__Firmicutes_C;c__Negativicutes;o__Veillonellales;f__Veillonellaceae;g__Veillonella;s__Veillonella denticariosi",0.0171491696205082,0.0147851231171264,0.0729294727931374,0.00603979191485131,0.0619106542289625,0.0668579557366122,0.0173417258930088,0.169262193359425,0.0432431646354948,0.0451469355284508,0,0.0544459236830896,0.0216719606369926,0.019848016560679,0.0441782011914551,0.0436540192599863
"t__d__Bacteria;p__Firmicutes_C;c__Negativicutes;o__Veillonellales;f__Veillonellaceae;g__Veillonella;s__Veillonella infantium",0.0690781524526865,0.0236577959764781,0.0992630490437504,0.0436768923450757,0.0607231995954327,0.0709128248468082,0.0462607607930592,0.219097014014291,0.0846354788409973,0.130071123106119,0.0665839332193524,0.0573968675329218,0.0249482667113944,0.025344538243944,0.0805957252642586,0.0734830414657713
"t__d__Bacteria;p__Firmicutes_C;c__Negativicutes;o__Veillonellales;f__Veillonellaceae;g__Veillonella;s__Veillonella nakazawae",0.0222351635426148,0.0321681158250346,0.15141111437989,0.114999006819782,0.108345163505413,0.113790706876076,0.0297008111023571,0.256762707556848,0.0536942278882594,0.0671152345262359,0.0701609847900055,0.137867952352993,0.0706173169792156,0.0971443904751988,0.176278238054282,0.100152742311614
"t__d__Bacteria;p__Firmicutes_C;c__Negativicutes;o__Veillonellales;f__Veillonellaceae;g__Veillonella;s__Veillonella sp002959755",0.0474968935403827,0.0661851649577367,0.215981811126874,0.0802838993698989,0.131069531826044,0.0823952656728559,0.0544397381998234,0.232460986407713,0.0193650431422052,0.0701698323536824,0.0581739937608368,0.136532311072757,0.0214109721358345,0.116336769526914,0.0880780132651849,0.0946920150905829
"t__d__Bacteria;p__Firmicutes_C;c__Negativicutes;o__Veillonellales;f__Veillonellaceae;g__Veillonella;s__Veillonella sp900538355",0.124767565425051,0.0512438795382946,0.0843075445402277,0.10624485971986,0.123131117661788,0.139353344017754,0.0203393260446762,0.105549600129131,0.00477494214465335,0.0451689828860905,0.055877976569659,0.0833522278168373,0.127431503814108,0.0750385934444623,0.194138999681915,0.0893813642289672
"t__d__Bacteria;p__Firmicutes_C;c__Negativicutes;o__Veillonellales;f__Veillonellaceae;g__Veillonella;s__Veillonella sp900545205",0.0150056745898276,0.0543396242819231,0.0576152057630587,0.0430772580483434,0.021533964808794,0.0859919001412122,0.0319956624395627,0.19830931846046,0.0330714900472545,0.0326007095878442,0.0916930581327733,0.0587527723711559,0.0209470484209368,0.117016143306846,0.100887500822065,0.0641891554148038
"t__d__Bacteria;p__Firmicutes_C;c__Negativicutes;o__Veillonellales;f__Veillonellaceae;g__Veillonella;s__Veillonella sp900549845",0.0901889496143475,0.0333013282479087,0.114705340125653,0.0522667316620703,0.0440244090491662,0.0478952864954803,0.0266553389910103,0.264703816292417,0.0560024222951856,0.0602852011404695,0.0281669417749939,0.0902294587237406,0.126401769685031,0.174196177480796,0.107241336814217,0.0877509672261658
"t__d__Bacteria;p__Firmicutes_C;c__Negativicutes;o__Veillonellales;f__Veillonellaceae;g__Veillonella;s__Veillonella sp900550175",0.0513791849634994,0.0391561798412003,0.0740954161971899,0.0449903489657282,0.082064700569579,0.0854115395692242,0.0410819161576114,0.10541729075348,0.0282847962992968,0.157014818806936,0.122684121027533,0.0981377965547654,0.143710659607775,0.0836491520303683,0.203500192741504,0.0907052076057128
"t__d__Bacteria;p__Firmicutes_C;c__Negativicutes;o__Veillonellales;f__Veillonellaceae;g__Veillonella;s__Veillonella sp900552715",0.0841354035947681,0.0393584107749321,0.0626082059563427,0.05483413214219,0.0361957791732241,0.0508665057073757,0.035511041396706,0.329720881420374,0.0586341672358209,0.126688670488267,0.107315210032121,0.0930528254503465,0.0762406907381195,0.0704921136518928,0.118622262232115,0.0896184199996397
"t__d__Bacteria;p__Firmicutes_C;c__Negativicutes;o__Veillonellales;f__Veillonellaceae;g__Veillonella;s__Veillonella sp900556785",0.187434445465942,0.0361680958950815,0.0862834735699082,0.0533399992624928,0.102430041554922,0.121293638123808,0.11220724966234,0.366443656359757,0.0896320532120767,0.111152689802869,0.0428556869642536,0.201950975079729,0.0820473274888073,0.162479747088695,0.111899051351574,0.12450787539215
"t__d__Bacteria;p__Firmicutes_C;c__Negativicutes;o__Veillonellales;f__Veillonellaceae;g__Veillonella;s__Veillonella sp900766125",0.0314260405380373,0.0823526664556411,0.067462240517121,0.0530559732332298,0.0530940896045312,0.115017625628643,0.0161336633646672,0.042586662715392,0.0161976235420855,0.232776504575512,0.0448265202728737,0.0524306926559138,0.101261177751849,0.114828654238132,0.131291655293814,0.0769827860258295
"t__d__Bacteria;p__Firmicutes_C;c__Negativicutes;o__Veillonellales;f__Veillonellaceae;g__Veillonella;s__Veillonella sp905214495",0.0337848759307905,0.0380431089034654,0.044872627873731,0.049652875355922,0.0552376186668621,0.0693083439579134,0.013103741111116,0.308803875502006,0.00545707673674668,0.0653547844283921,0.0648324339535836,0.126129944170824,0.0744520162012592,0.0755172762361363,0.106930792887853,0.0754320927944401
"t__d__Bacteria;p__Firmicutes_C;c__Negativicutes;o__Veillonellales;f__Veillonellaceae;g__Veillonella;s__Veillonella tobetsuensis",0.0159003237162201,0.0373988659823551,0.0454106627732232,0.00608990562843051,0.0236882286965527,0.0657071206888545,0.0352386197396427,0.204550118224844,0.0632149731062591,0.0271858490120915,0.0660176294069443,0.131160228485036,0.0361569114148324,0.0705655060758269,0.0231855971825451,0.0567647026755772
"t__d__Bacteria;p__Firmicutes_G;c__SHA-98;o__DTUO25;f__HGM14224;g__HGM14224;s__HGM14224 sp900761905",0.029871791559816,0.00585446707401568,0.0149275460489795,0.00562145134932048,0,0.0228414694855597,0.00385417956461041,0.0995651536535534,0.0244664614686359,0,0.0148467013104177,0.020564843949377,0.0156746922365529,0.0101777471284164,0.0505357310455564,0.0212534823916541
"t__d__Bacteria;p__Firmicutes;c__Bacilli;o__Acholeplasmatales;f__Anaeroplasmataceae;g__CAG-307",0.0691834027489115,0.0502702687469694,0.0620322469146483,0.0697567247638308,0.0219719273007083,0.114607225649724,0.0419019889234573,0.318449781887384,0.12987450244285,0.0706929918375244,0.0332224171274776,0.138187285270435,0.0352856866752192,0.0315123731723609,0.135881403769384,0.0881886818153923
"t__d__Bacteria;p__Firmicutes;c__Bacilli;o__Acholeplasmatales;f__Anaeroplasmataceae;g__CAG-307;s__CAG-307 sp001916215",0.0917209880601961,0.0172914678792625,0.0394619431010068,0.0480997190026297,0.0727006946817721,0.159979794665907,0.0357844748670822,0.145562431340283,0.0808609097789087,0.109886851050195,0.0727731325286481,0.198447825906375,0.0687635343354339,0.204034614362048,0.142124923355759,0.0991662203277004
"t__d__Bacteria;p__Firmicutes;c__Bacilli;o__Bacillales_B;f__Bacillaceae_K;g__Bacillus_T",0.0259433910333269,0.017802119966244,0.0767166971290848,0.0458651445716057,0.0751931886304513,0.0474427552013546,0.0170005336879167,0.0715635930771372,0.0501766876510955,0.0118040207805786,0.0136232139515926,0.0556863034434854,0.0404695739108379,0.0200742288803494,0.107438359725923,0.0451199874427323
"t__d__Bacteria;p__Firmicutes;c__Bacilli;o__Bacillales_B;f__Bacillaceae_K;g__Bacillus_T;s__Bacillus_T coahuilensis",0.00871942605974879,0.0100536991315457,0.0827865874820718,0.0102471027453328,0.0846097516653068,0.144682796784435,0.0235288789641742,0.17692446175214,0.0277752324220314,0.0136018104315937,0.0331340667340433,0.0583704037788712,0.00425517142438236,0.057872280470267,0.113543293326179,0.0566736642114748
"t__d__Bacteria;p__Firmicutes;c__Bacilli;o__Bacillales_D;f__Halobacillaceae;g__Pontibacillus",0.0143544292956409,0.0110398521967153,0.164229178158016,0.186947369972578,0.204287593950528,0.0639350978998898,0.0305552270824869,0.280346604661981,0.130910888423278,0.0513286026228458,0.191946390854011,0.129977266933005,0.0942364552809355,0.0406665053531391,0.160360705053327,0.117008144515892
"t__d__Bacteria;p__Firmicutes;c__Bacilli;o__Bacillales;f__Bacillaceae;g__Metabacillus",0.0255273769641657,0.0427289999504145,0.0262451626612777,0.0552914555531417,0.0306951535297347,0.0950582723840954,0.0496624739442702,0.309380297237238,0.134251405224355,0.180156918666983,0.121239804603347,0.131879560491146,0.0670779094873287,0.0576646764351861,0.0708659978417433,0.0931816976649617
"t__d__Bacteria;p__Firmicutes;c__Bacilli;o__Erysipelotrichales;f__Coprobacillaceae;g__Catenibacterium",0.0349396169747183,0.119808947021423,0.0738690133899897,0.0765405236542447,0.0552012953290975,0.0995912293297522,0.0701331760962707,0.244320649473556,0.114464160611743,0.0446766279422169,0.173509558110647,0.120669622153804,0.0157237564200493,0.0799923528933604,0.119633936560524,0.0962049643974264
"t__d__Bacteria;p__Firmicutes;c__Bacilli;o__Erysipelotrichales;f__Coprobacillaceae;g__Catenibacterium;s__Catenibacterium sp900764565",0.102388875873295,0.0317179163407387,0.0410908794466533,0.128622021001046,0.00610138171087707,0.00630592715859009,0.0212711808534663,0.255196847657494,0.0405507760689579,0.03412755768247,0.0437052180004205,0.0657253697475002,0,0.0743012979283538,0.0533035948508525,0.0602939229547144
"t__d__Bacteria;p__Firmicutes;c__Bacilli;o__Erysipelotrichales;f__Coprobacillaceae;g__Eggerthia",0.326991034151728,0.00405309258970316,0.26842716530429,0.0297779112757276,0.0444761344290439,0.0897296138321288,0.0502451743170877,0.324017509280754,0.124205113979142,0.0958683499347576,0.190756809806656,0.241094316367145,0.0279562967106113,0.15668411559635,0.0192711457101674,0.132903585552353
"t__d__Bacteria;p__Firmicutes;c__Bacilli;o__Erysipelotrichales;f__Coprobacillaceae;g__Eggerthia;s__Eggerthia catenaformis",0.15666103196485,0.0212281798216346,0.118544520261602,0.0637407519853209,0.123783939434422,0.178932204262234,0.0744698839067636,0.166407095968415,0.0725694389975364,0.0650067093054424,0.0711372650980464,0.153274989496923,0.143725477768333,0.102455976185835,0.138307902508056,0.110016357797694
"t__d__Bacteria;p__Firmicutes;c__Bacilli;o__Erysipelotrichales;f__Coprobacillaceae;g__Erysipelatoclostridium;s__Erysipelatoclostridium cocleatum",0.0552913000512326,0.0341931993133687,0.182590407910364,0.0583523789438837,0.0183884249576273,0.0302441333872222,0.18391369430557,0.11153452193933,0.0637491538793242,0.0522906512837717,0.0887873249408182,0.042384228564476,0.0510810184012931,0.0740738012016524,0.0978075893466875,0.0763121218951081
"t__d__Bacteria;p__Firmicutes;c__Bacilli;o__Erysipelotrichales;f__Coprobacillaceae;g__Erysipelatoclostridium;s__Erysipelatoclostridium ramosum",0.07243508136604,0.00958894272011364,0.06395982986779,0.0853516907992787,0.0464488111338877,0.0350004265180408,0.0961145278512079,0.215839344878537,0.0989454549289073,0.0235680858332211,0.0747124971323772,0.0301867155030937,0.0239018124282577,0.0800681828505507,0.0345858019660643,0.0660471470518245
"t__d__Bacteria;p__Firmicutes;c__Bacilli;o__Erysipelotrichales;f__Coprobacillaceae;g__Erysipelatoclostridium;s__Erysipelatoclostridium sp000508865",0.012862145737773,0.0429102222986905,0.171586346400509,0.0814080957382732,0.0511539257301985,0.0847374885994025,0.0295026955556763,0.0755635946194317,0.0913845460712025,0.0335103389636526,0.0516779527618503,0.0563240710484731,0.0359300336633019,0.106441323144133,0.0518445466622745,0.0651224884663228
"t__d__Bacteria;p__Firmicutes;c__Bacilli;o__Erysipelotrichales;f__Coprobacillaceae;g__Erysipelatoclostridium;s__Erysipelatoclostridium spiroforme",0.0199966538200227,0.00320166168110232,0.0348568982580304,0.0388241522118426,0.0266248931368648,0.0814992940325547,0.030207981577516,0.218694624069354,0.087583079812227,0.0686019795898185,0.0959656771471879,0.0360254766011304,0.0371742998064173,0.0583459801007757,0.0429619045648311,0.0587043037606451
"t__d__Bacteria;p__Firmicutes;c__Bacilli;o__Erysipelotrichales;f__Coprobacillaceae;g__Erysipelatoclostridium;s__Erysipelatoclostridium spiroforme_A",0.084049054543057,0.00574992301912255,0.119136299653956,0.0582877883285472,0.0187442950106142,0.0636701146681038,0.0583770172116911,0.558451765334879,0.0941004665982161,0.0734675935569651,0.0295995992865487,0.0118803659302144,0.076381801149058,0.0598656844046263,0.0642654048184971,0.0917351449009397
"t__d__Bacteria;p__Firmicutes;c__Bacilli;o__Erysipelotrichales;f__Coprobacillaceae;g__Fimiplasma",0.0247420241720825,0.0204953480429287,0.105214625782873,0.0114396534958672,0.0172548253794562,0.0597626188593977,0.0640459177889584,0.201203428701546,0.112074432483821,0.10524894333507,0.108207171165116,0.0829052875064677,0.0306676283371558,0.0680558657866277,0.0400778892678598,0.0700930440070152
"t__d__Bacteria;p__Firmicutes;c__Bacilli;o__Erysipelotrichales;f__Coprobacillaceae;g__Fimiplasma;s__Fimiplasma intestinipullorum",0.00995187705987957,0.0288121877872914,0.0866803634386358,0.0213223091077507,0.0277718830037732,0.0632375611627697,0.0156821249529354,0.259442296439743,0.0685698858126279,0.0307847635434359,0.0758585930339771,0.0878900430639734,0.0347411493757485,0.11527972224601,0.0978366218305542,0.0682574254572737
"t__d__Bacteria;p__Firmicutes;c__Bacilli;o__Erysipelotrichales;f__Coprobacillaceae;g__Kandleria",0.0797131675652924,0.0334338565360122,0.0490123017814182,0.0612029084987688,0,0.0549882386387788,0.0285248672244073,0.178131324269688,0.101759105160971,0.10307689801231,0.0592067875210382,0.0409875101833479,0.102633201047693,0.0944605106403356,0.0915352341342078,0.071911060747618
"t__d__Bacteria;p__Firmicutes;c__Bacilli;o__Erysipelotrichales;f__Erysipelotrichaceae;g__Breznakia",0.0232215961607762,0.0568806438686536,0.00912238925215416,0.0306779072325832,0.0391826067603981,0.0462330565260369,0.0778228411277118,0.282552843231115,0.0212520463152,0.0717528171737623,0.115093369386686,0.067917883967302,0.0155485336482875,0.111738839349352,0.0834587306214682,0.0701637403080991
"t__d__Bacteria;p__Firmicutes;c__Bacilli;o__Erysipelotrichales;f__Erysipelotrichaceae;g__Breznakia;s__Breznakia sp001695645",0.0107703158366762,0.00628244429873447,0.216716403891283,0.0222521212486533,0.0564140653390554,0.0515223326646648,0.0485005916311975,0.0849440708746482,0.117273542169703,0.0445671225497025,0.0856322176377871,0.0714403021137738,0.0726118001748636,0.0779029299341576,0.073153140043711,0.0693322266939075
"t__d__Bacteria;p__Firmicutes;c__Bacilli;o__Erysipelotrichales;f__Erysipelotrichaceae;g__Bulleidia",0.0223867952969187,0.0274805683058985,0.178217903723501,0.0752140494874764,0.0476881269651095,0.146287776135907,0.127934343527914,0.24173594129658,0.0635040851772348,0.267842179914417,0.0902072595605905,0.149261090520271,0.0842311875948795,0.127294840674464,0.195773182135801,0.123003955354464
"t__d__Bacteria;p__Firmicutes;c__Bacilli;o__Erysipelotrichales;f__Erysipelotrichaceae;g__Bulleidia;s__Bulleidia extructa",0.0971122022890044,0.0362408383500794,0.108843191980875,0.198315541057771,0.124700803320609,0.128891069738627,0.102912806694394,0.182421921456072,0.0385162204380071,0.0523479908942044,0.127623937222886,0.292961694677593,0.0397719782141625,0.117490474082828,0.169684189048308,0.121188990631028
"t__d__Bacteria;p__Firmicutes;c__Bacilli;o__Erysipelotrichales;f__Erysipelotrichaceae;g__Bulleidia;s__Bulleidia moorei",0.70728072941652,0.450773274423046,0.508727342363602,0.580571844966492,0.461815525135131,0.245760352683446,0.433252594516819,0.502675503574981,0.46442136322256,1,0.417727702867441,0.453919247418161,0.57812557251152,0.475398797769187,1,0.552029990057927
"t__d__Bacteria;p__Firmicutes;c__Bacilli;o__Erysipelotrichales;f__Erysipelotrichaceae;g__Bulleidia;s__Bulleidia sp015256455",0.188285476316608,0.129582883780464,0.22705378353276,0.101265094277704,0.114218168534075,0.142462756687229,0.0323782179009851,0.430042268565847,0.140611023036618,0.122520202402511,0.0904844507711408,0.306250665382348,0.27914835140079,0.285325275064723,0.193255035058091,0.18552557684746
"t__d__Bacteria;p__Firmicutes;c__Bacilli;o__Erysipelotrichales;f__Erysipelotrichaceae;g__Bulleidia;s__Bulleidia sp015256775",0.103475435298122,0.204468820318187,0.227930533101747,0.124428562433922,0.207716239477237,0.133447629158594,0.217390349513641,0.298731861032199,0.183357007839169,0.164997293954244,0.324875994951287,0.183109521600733,0.106544789214265,0.264621391780882,0.288267563460361,0.202224199542306
"t__d__Bacteria;p__Firmicutes;c__Bacilli;o__Erysipelotrichales;f__Erysipelotrichaceae;g__Bulleidia;s__Bulleidia sp900554555",0.0680814879858688,0.142349999474147,0.109876469372513,0.100210322253339,0.129344122901284,0.0856242587479292,0.0280438901119562,0.302836713732502,0.118761970309416,0.0400797526528951,0.0921161956306875,0.155435872929791,0.129098921377163,0.298738789563336,0.104092032453292,0.126979386633075
"t__d__Bacteria;p__Firmicutes;c__Bacilli;o__Erysipelotrichales;f__Erysipelotrichaceae;g__Bulleidia;s__Bulleidia sp905201565",0.0683616217699651,0.0953076391507783,0.0789397238509513,0.0740511184397592,0.0332745937706547,0.0320733286468116,0.0174118545196677,0.180689993693305,0.0558033155851877,0.0878459111847723,0.0769562508104759,0.100855042402315,0.0381580473723367,0.126683142058661,0.0960999667231411,0.0775007699985855
"t__d__Bacteria;p__Firmicutes;c__Bacilli;o__Erysipelotrichales;f__Erysipelotrichaceae;g__DONG20-135",0.0284060134889604,0.0175613975745804,0.0994115794226092,0.129788758869741,0.0573700014112181,0.0828103794770885,0.00300689711486961,0.125890242996326,0.135201607537816,0.0111677358712807,0.126737643689517,0.0150649640198413,0.053812727804683,0.0334675793013065,0.122992613795666,0.0695126761583669
"t__d__Bacteria;p__Firmicutes;c__Bacilli;o__Erysipelotrichales;f__Erysipelotrichaceae;g__DONG20-135;s__DONG20-135 sp009831105",0.00808474859403636,0.00296382395622044,0.12098840625301,0.055709089760529,0.0201901194292265,0.0194427749352434,0.028024993678708,0.10724251714995,0.0401130243555586,0.0428088533261256,0.0296015030393907,0.133987112370831,0.095251770249098,0.0978046285297789,0.0971471622700011,0.0599573685265138
"t__d__Bacteria;p__Firmicutes;c__Bacilli;o__Erysipelotrichales;f__Erysipelotrichaceae;g__Faecalicoccus;s__Faecalicoccus pleomorphus",0.00736124579263634,0.0144931011737121,0.05804089066061,0.0218505191443662,0.0637207125581884,0.0549067264498433,0.00633845920061386,0.203831305721957,0.0214256580558205,0.0521240892060046,0.0855125068310426,0.0380835655787462,0.082801390630442,0.0547634218295666,0.0478980509968802,0.0542101095886954
"t__d__Bacteria;p__Firmicutes;c__Bacilli;o__Erysipelotrichales;f__Erysipelotrichaceae;g__Holdemanella;s__Holdemanella sp900754615",0.0220985137359049,0.0655354935254759,0.146285736277307,0.0336128240895708,0.0234892181732906,0.0404642837769766,0.0755877993736377,0.147506027759917,0.0262098689096263,0.077216028504858,0.0681341822373407,0.0771173785474541,0.0506822063150703,0.07168960660181,0.0304156278279311,0.0637363197104114
"t__d__Bacteria;p__Firmicutes;c__Bacilli;o__Erysipelotrichales;f__Erysipelotrichaceae;g__Holdemania",0.0931672417922246,0.0500847489227772,0.164554456560533,0.141873992584415,0.0500263915073502,0.184872206377081,0.108482771559763,0.0442643723282352,0.168437045390425,0.148036301343777,0.113169097169725,0.0817629095260857,0.111883691565827,0.218589283060021,0.147424745540058,0.121775283681887
"t__d__Bacteria;p__Firmicutes;c__Bacilli;o__Erysipelotrichales;f__Erysipelotrichaceae;g__Holdemania;s__Holdemania filiformis",0.108471473396786,0.0843502801928604,0.347933821610988,0.192748351006648,0.166939087139792,0.301448165766976,0.501826464328923,0.240344797894889,0.365329825020972,0.396092357963304,0.107822549632919,0.157309846025438,0.531871030183336,0.194574095807565,0.273151366244657,0.264680900814404
"t__d__Bacteria;p__Firmicutes;c__Bacilli;o__Erysipelotrichales;f__Erysipelotrichaceae;g__Holdemania;s__Holdemania massiliensis",0.115217475277138,0.0616664128491901,0.107665207919369,0.0244760759209473,0.0885381918896097,0.111932384128728,0.0719752131542265,0.135890255425036,0.101145690867136,0.0322494030704671,0.0630963560925185,0.147318349182586,0.0566729396870268,0.0865174417892931,0.101494801702578,0.08705707993039
"t__d__Bacteria;p__Firmicutes;c__Bacilli;o__Erysipelotrichales;f__Erysipelotrichaceae;g__Holdemania;s__Holdemania sp900120005",0.37570062538908,0.0779503394106591,0.682772509332392,0.366973629680198,0.280038261675257,0.502957696631941,0.297681437618161,0.438930689481683,0.286345884236877,0.324494373755532,0.370893171306711,0.334338738686194,0.33692193888247,0.272854553461235,0.586983556591038,0.369055827075962
"t__d__Bacteria;p__Firmicutes;c__Bacilli;o__Erysipelotrichales;f__Erysipelotrichaceae;g__Massilicoli",0.0448056549445458,0.00750103593858259,0.0376008979502172,0.0540365881556883,0.018012057710302,0.035432055540323,0.0239537551140136,0.235330708776436,0.0657956950299294,0.0567480575558492,0.0526355723240549,0.0741371189300981,0.0392994248264983,0.0541275827434489,0.0640346225865892,0.0575633885417718
"t__d__Bacteria;p__Firmicutes;c__Bacilli;o__Erysipelotrichales;f__Erysipelotrichaceae;g__Massilicoli;s__Massilicoli timonensis",0.0527112337476502,0.0220525804959155,0.0505381308305458,0.0416144028479086,0.0374013314127373,0.0256238006037027,0.0042450312209924,0.199093252416186,0.0472032966416951,0.0247460897681518,0.164392915222485,0.0657159629098289,0.0820141829729815,0.0683998653140994,0.0607888844094424,0.0631027307209548
"t__d__Bacteria;p__Firmicutes;c__Bacilli;o__Erysipelotrichales;f__Erysipelotrichaceae;g__Merdibacter",0.0605315493573071,0.0284358403811844,0.0634007386946139,0.031190818429975,0.0535702154097696,0.0193487786901914,0.0264164227284416,0.080572436849883,0.0512767862936692,0.0817647943900106,0.0736968400761492,0.123797032384481,0.0778708487101483,0.0214896388551717,0.133949224648946,0.0618207977266628
"t__d__Bacteria;p__Firmicutes;c__Bacilli;o__Erysipelotrichales;f__Erysipelotrichaceae;g__Merdibacter;s__Merdibacter massiliensis",0.0188492505902355,0.00723012610402778,0.143736245036809,0.0060731751184623,0.0441658030548517,0.0363552290355075,0.0729413764893321,0.179422570303719,0.0367962888534919,0.0412054452147357,0.0459435178303611,0.0659312756362626,0.0493096238488607,0.0788232475469603,0.0773060353252687,0.0602726139992591
"t__d__Bacteria;p__Firmicutes;c__Bacilli;o__Erysipelotrichales;f__Erysipelotrichaceae;g__Merdibacter;s__Merdibacter merdigallinarum",0.0249157365609178,0.0189096573319934,0.175609444544714,0.0446174166825364,0,0.0469959210765684,0.0117603087159345,0.210051584003563,0.0974134276434117,0.0962728640319831,0.0576519101999836,0.0502691004240864,0.0361491065019579,0.117484132085971,0.0762157902429831,0.0709544266697736
"t__d__Bacteria;p__Firmicutes;c__Bacilli;o__Erysipelotrichales;f__Erysipelotrichaceae;g__Merdibacter;s__Merdibacter merdipullorum",0.0238525636966907,0.03734469197463,0.0493464809837993,0.0336391264881632,0.00451954200805709,0.0344902659859982,0.00380226990009318,0.311538547830285,0.048004934173398,0.023475036627386,0.0150446573278899,0.0573861512448429,0.0455819237446739,0.0409773341273906,0.0478068556505236,0.0517873587842548
"t__d__Bacteria;p__Firmicutes;c__Bacilli;o__Erysipelotrichales;f__Erysipelotrichaceae;g__Merdibacter;s__Merdibacter sp900759455",0.0115750592785392,0.00765654522023614,0.14741238669349,0.0146757356559593,0.0126052851318467,0.0264175974811863,0.0422260274060276,0.133780894725504,0.031477234006951,0.0555957256394289,0.0221104366770184,0.0241140174673446,0.0199138802388298,0.0531103986124622,0.0266011307134742,0.0419514903298866
"t__d__Bacteria;p__Firmicutes;c__Bacilli;o__Haloplasmatales_A;f__Turicibacteraceae;g__Turicibacter;s__Turicibacter sp001543345",0.0612325901192768,0.00219542515275588,0.0947824216952316,0.0580197730181941,0.0397774529387798,0.00613076251529593,0.0618655493466068,0.125373005444306,0.0312156990123232,0.106264585957623,0.0525108207756957,0.0415183314484116,0.101043973780054,0.0598690501068203,0.00422002403745794,0.0564012976899221
"t__d__Bacteria;p__Firmicutes;c__Bacilli;o__Lactobacillales;f__Aerococcaceae;g__Abiotrophia",0.0206364928446268,0.0215494717242004,0.08788181059831,0.0321425472287092,0.0432551075013435,0.0806435853133482,0.0695262904615154,0.0953256350393302,0.067166090628026,0.0992409409320848,0.0955264091167656,0.0483511490089537,0.0206071873266517,0.157697663626551,0.0318608907107222,0.0647607514707426
"t__d__Bacteria;p__Firmicutes;c__Bacilli;o__Lactobacillales;f__Aerococcaceae;g__Facklamia",0.0544435280863511,0.00274428144094485,0.132386310029709,0.0205383740369816,0.0254019060164602,0.166493529946235,0.021221614585432,0.167424826644224,0.043500118638883,0.12710587610499,0.0303055361801783,0.0702282447509283,0.109730335623191,0.038709782003009,0.0256304652533509,0.0690576486227245
"t__d__Bacteria;p__Firmicutes;c__Bacilli;o__Lactobacillales;f__Aerococcaceae;g__Granulicatella",0.0117397530303343,0.0466993529607073,0.0820044887635864,0.0730733855299062,0.0794819715994209,0.0931160576621475,0.0672077162901864,0.19552648576484,0.0928066623279006,0.0879534886309403,0.0381110069457212,0.122533071341916,0.0730482794516284,0.0196578293647642,0.0330936320967226,0.0744035454507148
"t__d__Bacteria;p__Firmicutes;c__Bacilli;o__Lactobacillales;f__Aerococcaceae;g__Granulicatella;s__Granulicatella adiacens",0.102362891739464,0.0320202428779322,0.149421276815695,0.0265458501735411,0.0796473075744485,0.0921944530210409,0.0430522371623812,0.243979146992807,0.0585319910252846,0.0957697762944257,0.0674685912176957,0.132529146439611,0.0212355117526534,0.0716099689175149,0.0985942719966321,0.0876641776000752
"t__d__Bacteria;p__Firmicutes;c__Bacilli;o__Lactobacillales;f__Aerococcaceae;g__Granulicatella;s__Granulicatella adiacens_A",0.0154295248007699,0.00963706106014919,0.077225991592445,0.0331141406964237,0.0270316050052796,0.0556094270508768,0.0311658501534248,0.0763341623954295,0.0221162686328351,0.0581865808164784,0.0387699836504207,0.046508817145454,0.0727092732557492,0.107670176216296,0.113950521837616,0.0523639589539766
"t__d__Bacteria;p__Firmicutes;c__Bacilli;o__Lactobacillales;f__Aerococcaceae;g__Granulicatella;s__Granulicatella elegans",0.0200311363738508,0.0333690843832995,0.0790704351972831,0.0191834516666127,0.0170272083557224,0.104015774426821,0.00428232410558652,0.273604854813718,0.0769060080218408,0,0.108079229205928,0.144495519869781,0.046215985757673,0.0214898928908857,0.106752330934351,0.0703015490668903
"t__d__Bacteria;p__Firmicutes;c__Bacilli;o__Lactobacillales;f__Aerococcaceae;g__Granulicatella;s__Granulicatella sp001058355",0.0338497194410452,0.0115231674043366,0.0168413340039769,0.0100425326360793,0.019248406587886,0.124898872740435,0.0210058560114036,0.187050950709058,0.0251742349292208,0.0575079743296002,0.0946305508128598,0.112645275763397,0.0301235440335996,0.100471284500862,0.0773559032660842,0.0614913071446563
"t__d__Bacteria;p__Firmicutes;c__Bacilli;o__Lactobacillales;f__Aerococcaceae;g__Granulicatella;s__Granulicatella sp001071995",0.0122237263547478,0.0113653280946627,0.114191501997473,0.045765823483524,0.0643267552232015,0.0237383124592258,0.0463705375837003,0.133614498924612,0,0.047447937338065,0.10665433540083,0.039264962730962,0.0660843026198505,0.115605120788535,0.139274238972547,0.0643951587981291
"t__d__Bacteria;p__Firmicutes;c__Bacilli;o__Lactobacillales;f__Aerococcaceae;g__Granulicatella;s__Granulicatella sp015264885",0.00421801411809465,0.0074095598905511,0.0191910403265015,0.0183386072204548,0.0201995981156245,0.0107580285089836,0.0333347327144324,0.131367671391279,0.0236396599484902,0.00574340701951579,0.0285131278300332,0.0536042116862426,0.0138893599517642,0.0698592314720309,0.0571928444653805,0.0331506063106252
"t__d__Bacteria;p__Firmicutes;c__Bacilli;o__Lactobacillales;f__Aerococcaceae;g__Granulicatella;s__Granulicatella sp900551535",0.0106236160871002,0.0170774568786839,0.10475062951747,0.0680367008659905,0.0233797572703185,0.00679099847848164,0.0594946463146339,0.296351288650673,0.00318329476310223,0.0850607494030633,0.018993879876461,0.0417541359477525,0.0601365871446127,0.0462198417266923,0.0537335128415528,0.0597058063844392
"t__d__Bacteria;p__Firmicutes;c__Bacilli;o__Lactobacillales;f__Aerococcaceae;g__Granulicatella;s__Granulicatella sp905371865",0.179745523872995,0.0758715872675634,0.102909505858465,0.0535388873140487,0.026896288191864,0.0876397338517567,0,0.282382226705407,0.170457983943854,0.0608408287366683,0.0589941039983934,0.259719856586435,0.028270661841188,0.0725215988835786,0.0516430380452278,0.100762121673163
"t__d__Bacteria;p__Firmicutes;c__Bacilli;o__Lactobacillales;f__Enterococcaceae;g__Enterococcus_A",0.0603926854784877,0.0306058256898613,0.0988045581137033,0.101892409931845,0.0306597219458298,0.107688631349375,0.0473072620034418,0.162248411706269,0.0815605630046637,0.083439021537093,0.0667594125816704,0.154771112735416,0.0599764074260417,0.070716529366388,0.0692295944348768,0.0817368098203308
"t__d__Bacteria;p__Firmicutes;c__Bacilli;o__Lactobacillales;f__Enterococcaceae;g__Enterococcus_A;s__Enterococcus_A raffinosus",0.144441415820315,0.00412584696636597,0.382778615521859,0.172473962145615,0.029912472468583,0.16598625895577,0.149584967673251,0.451241954040221,0.0018607665040356,0.0148425019217924,0.123465540164431,0.132057224530268,0.107728769539708,0.0418780594299614,0.16473699384439,0.139141023301771
"t__d__Bacteria;p__Firmicutes;c__Bacilli;o__Lactobacillales;f__Enterococcaceae;g__Enterococcus_B;s__Enterococcus_B hirae",0.0287924266973468,0.0188370252936483,0.0229654554599685,0.0137986896878197,0.0178958455989488,0.0120385882118538,0.0171421413053251,0.0244968987597012,0,0,0.0181885639106295,0.0653949148008033,0.00623769447437869,0.00685094889807528,0.0347266687081993,0.0191577241204465
"t__d__Bacteria;p__Firmicutes;c__Bacilli;o__Lactobacillales;f__Enterococcaceae;g__Enterococcus_C;s__Enterococcus_C saigonensis",0.0236336591487491,0.00848232445382954,0.0417529033569979,0.014891109900853,0.0131349189609159,0.0742033662815113,0.0182473888156646,0.114412988969127,0.00668491900251468,0.140360454595338,0.0136096284750758,0.0678754871851981,0.0210420564941985,0.0498890843857751,0.0850068894291014,0.04621514529699
"t__d__Bacteria;p__Firmicutes;c__Bacilli;o__Lactobacillales;f__Lactobacillaceae;g__Fructilactobacillus",0.0164940739572352,0.0259837939743925,0.0345291571195954,0.0414718542817176,0.0461964533102214,0.0610120304495767,0.0102361108099877,0.312042911097313,0.0607522220558867,0.110410384050449,0.0776196485174073,0.0844390041856123,0.0365665199251195,0.0859416742531159,0.0703475837171308,0.0716028947803174
"t__d__Bacteria;p__Firmicutes;c__Bacilli;o__Lactobacillales;f__Lactobacillaceae;g__Fructilactobacillus;s__Fructilactobacillus sanfranciscensis",0.0752859221782448,0.0128837145317275,0.0387069583824995,0.0503268944721542,0.0701940777247255,0.0174629930172534,0,0.0423397693607485,0.0241895455376408,0.0254689655611577,0.0069629760197029,0.0350046496158103,0,0.0335556880589307,0.138276189935026,0.0380438896263748
"t__d__Bacteria;p__Firmicutes;c__Bacilli;o__Lactobacillales;f__Lactobacillaceae;g__Lacticaseibacillus",0.0822504140897031,0.0574167229250497,0.0355969273392948,0.0959088675753756,0.0935484740237203,0.082840731550559,0.0129674309923103,0.274078420068188,0.0412279476609883,0.0365385284528469,0.0848021731637991,0.100614986016258,0.041554143259165,0.214459315244263,0.102911427389737,0.0904477673167506
"t__d__Bacteria;p__Firmicutes;c__Bacilli;o__Lactobacillales;f__Lactobacillaceae;g__Lacticaseibacillus;s__Lacticaseibacillus paracasei",0.0603418782303881,0.0112847157020304,0,0.0792144307194368,0.00938386525386117,0.117474089885654,0.031400850223087,0.125070207499324,0.0200965578478676,0.0866122123422693,0.0450769922253051,0.0527861279034282,0.00947593944122073,0.0155756615973335,0.019523603162797,0.0455544754689335
"t__d__Bacteria;p__Firmicutes;c__Bacilli;o__Lactobacillales;f__Lactobacillaceae;g__Lactiplantibacillus",0.0283811192358649,0.0275870893618343,0.0523030205512588,0.0409852736417552,0.108386656504362,0.106176807304387,0.0196098299624814,0.100079744197181,0.0348166323481752,0.0487780535267808,0.124380029433314,0.0561143345041407,0.0539855910419295,0.0435520569689232,0.0485588552509511,0.0595796729222226
"t__d__Bacteria;p__Firmicutes;c__Bacilli;o__Lactobacillales;f__Lactobacillaceae;g__Lactiplantibacillus;s__Lactiplantibacillus plantarum",0.0103239951323172,0,0.0399608391928944,0,0.025887680671933,0.00717299214289624,0.0144564790911326,0.0400351787760322,0.00477494214465335,0.0119252312250569,0.0140822045022,0.030636844801272,0,0.00850823948542175,0.00815317703122465,0.0143945202798023
"t__d__Bacteria;p__Firmicutes;c__Bacilli;o__Lactobacillales;f__Lactobacillaceae;g__Lactobacillus;s__Lactobacillus crispatus",0.00386651294158677,0,0.0267888934500606,0.00927539472637878,0.00474918360198001,0.0132488166564317,0.031967347732467,0.0663203424937743,0.0144171333552749,0.00574340701951579,0.0594435779133702,0.0425852523778635,0.00598666405185711,0.0204429464710259,0.0579536148707327,0.024185939177488
"t__d__Bacteria;p__Firmicutes;c__Bacilli;o__Lactobacillales;f__Lactobacillaceae;g__Limosilactobacillus;s__Limosilactobacillus vaginalis",0.0392795310600944,0,0.0437947858348738,0.0422246811960718,0.0202924174533637,0.0322390525982919,0.0321774475791183,0.0354755726855003,0.0431776481902504,0.0233056450204999,0.0946450482164706,0.012672390325562,0.0161180735772059,0.067848172900712,0,0.033550031109201
"t__d__Bacteria;p__Firmicutes;c__Bacilli;o__Lactobacillales;f__Streptococcaceae;g__Lactococcus_A",0.0364654599875697,0.100333173043459,0.0497213205131246,0.0221021933931662,0.131421549530877,0.121834197517762,0.041174405092991,0.360510721510274,0.0459021982066681,0.201145433332166,0.152432595407993,0.309490750727314,0.037964083848862,0.0335104714629266,0.0540217635079734,0.113202021138875
"t__d__Bacteria;p__Firmicutes;c__Bacilli;o__Lactobacillales;f__Streptococcaceae;g__Lactococcus;s__Lactococcus cremoris",0.0132213588428119,0.0233020857552686,0,0.0182793409679352,0.0106660847959903,0.0166179727473433,0.0514318279883062,0.133437321543789,0.0642946781713902,0.0414474861556759,0.0100297715519266,0.0489076563311454,0.0393903400894268,0.0713446142041795,0.0478086394145723,0.0393452785706507
"t__d__Bacteria;p__Firmicutes;c__Bacilli;o__Lactobacillales;f__Streptococcaceae;g__Lactococcus;s__Lactococcus garvieae_A",0.00790877647142748,0.0105031825200315,0.0806211804072077,0.0138035761621321,0.0239492481976794,0.00697861025334592,0.0125244136940599,0.0633658564932993,0.0144420873740568,0.0224444685863022,0.0285328469958461,0.0176480499488604,0.0167136880054789,0,0,0.0212957323406485
"t__d__Bacteria;p__Firmicutes;c__Bacilli;o__Lactobacillales;f__Streptococcaceae;g__Streptococcus",0.0197338067394349,0.0292454028934305,0.14084569597639,0.0941975575059849,0.0574362931595639,0.153916387252384,0.0243164905967968,0.222119944081629,0.0142776344001274,0.105217616390779,0.0419359355952784,0.0990856751451431,0.0779589073798124,0.039119041172472,0.0725679197167699,0.0794649538670665
"t__d__Bacteria;p__Firmicutes;c__Bacilli;o__Lactobacillales;f__Streptococcaceae;g__Streptococcus;s__Streptococcus agalactiae",0.0298560993160599,0.013607715545028,0.040422846919935,0.0235014158689608,0.016612007083186,0.00357903973865923,0.0381400997846024,0.106165629287124,0.0117478735304963,0.0418791315299857,0,0.0636497319203767,0.0142822769905479,0.0481725470359667,0.0234330625055115,0.031669965137096
"t__d__Bacteria;p__Firmicutes;c__Bacilli;o__Lactobacillales;f__Streptococcaceae;g__Streptococcus;s__Streptococcus anginosus",0.0307301231348059,0.059255458167721,0.0893290405384728,0.0639832331690788,0.0839565725187991,0.0200385195808831,0.0500127458023738,0.314524009360296,0.169116995382789,0.0952777930480471,0.0848326580885716,0.03781190001708,0.0987188133506993,0.139810647350802,0.143299192777995,0.0987131801525609
"t__d__Bacteria;p__Firmicutes;c__Bacilli;o__Lactobacillales;f__Streptococcaceae;g__Streptococcus;s__Streptococcus anginosus_C",0.035841784932659,0.0173450117662004,0.068166241763654,0.0882843394800312,0.0680724787502986,0.0181798746563872,0.0449842021443249,0.328325356768971,0.0406250784679029,0.0511113960124941,0.061387744824254,0.0270749515896241,0.0592750584090877,0.11450513719766,0.0513389379377957,0.071634506313423
"t__d__Bacteria;p__Firmicutes;c__Bacilli;o__Lactobacillales;f__Streptococcaceae;g__Streptococcus;s__Streptococcus australis",0.0289518442408874,0.0264387302587028,0.0561262033911678,0.00902703056016368,0.0156794163079709,0.144085625531971,0.0238796305150813,0.161816381890481,0.023753442351339,0.0548888301101929,0.00752232866394497,0.132468109741056,0.135377998789629,0.0776445802184489,0.165758095903463,0.0708945498983
"t__d__Bacteria;p__Firmicutes;c__Bacilli;o__Lactobacillales;f__Streptococcaceae;g__Streptococcus;s__Streptococcus australis_B",0.0880859140718404,0.0185406206488578,0.0383707815593044,0.0155053681842632,0.0486228023759356,0.0726022065804296,0.0348952445879112,0.0990048047338519,0.0697202945044919,0.0170878604900999,0.0638410936964584,0.0778564944274281,0.0586409755131071,0.0508971423994253,0.113083382668582,0.0577836657627991
"t__d__Bacteria;p__Firmicutes;c__Bacilli;o__Lactobacillales;f__Streptococcaceae;g__Streptococcus;s__Streptococcus chosunense",0,0.0136381405456187,0.032461489027146,0.0260551538389453,0.0203379390362569,0.0256032983319624,0.0392444865344876,0.172251543489509,0.0298729405627085,0.0341675969980103,0.0523743100059354,0.0712884979688413,0.0851053240325214,0.0181846685201558,0.0210825951705229,0.0427778656041748
"t__d__Bacteria;p__Firmicutes;c__Bacilli;o__Lactobacillales;f__Streptococcaceae;g__Streptococcus;s__Streptococcus constellatus",0.0390011210408789,0.0558857539537002,0.171409185542414,0.10913784461472,0.0418877709441205,0.0604084175770566,0.10813597055969,0.346690435728278,0.0645367427858233,0.0699447585100547,0.016022654318973,0.0209810135885484,0.0768363007849917,0.120870123091535,0.195081766576686,0.0997886573078314
"t__d__Bacteria;p__Firmicutes;c__Bacilli;o__Lactobacillales;f__Streptococcaceae;g__Streptococcus;s__Streptococcus cristatus",0.0149376918205361,0.0307821263460272,0.0186071652431258,0.0588170369667256,0.0127574344863793,0.0224619182436407,0.00962975885679692,0.092461714140424,0.0223322373367427,0.0149567891133224,0.0446059623755275,0.0372251465813385,0.0214691176030462,0.0426414796766568,0.0466704677283395,0.0326904031012419
"t__d__Bacteria;p__Firmicutes;c__Bacilli;o__Lactobacillales;f__Streptococcaceae;g__Streptococcus;s__Streptococcus cristatus_A",0.00372842319367295,0,0.0451996852965165,0.049147080990276,0.0238867858883325,0.00367845750917755,0.0477873845154513,0.0740270589660087,0.0334245950125734,0.0619136102591724,0.00730108370324069,0.0118803659302144,0.00425517142438236,0.0580544161130228,0.061413990203555,0.0323798739337064
"t__d__Bacteria;p__Firmicutes;c__Bacilli;o__Lactobacillales;f__Streptococcaceae;g__Streptococcus;s__Streptococcus cristatus_B",0.0351219521118045,0.00309942374506713,0.0524850498153494,0.0329506278456677,0.0413577556731965,0.0323124921199917,0.00761406297117341,0.251348358714733,0,0.0967417329312989,0.0423131891907831,0.0833532754312801,0.0408975155226739,0.0537381538168664,0.0378756054678055,0.0540806130238461
"t__d__Bacteria;p__Firmicutes;c__Bacilli;o__Lactobacillales;f__Streptococcaceae;g__Streptococcus;s__Streptococcus cristatus_D",0.0100380624445041,0,0.0659418423084286,0,0.037609599331805,0.0266075093163843,0.00644335096043489,0.127172505858158,0.0195242078803604,0.0653614992462599,0.0368046134446389,0.0349589851546638,0.0261577736380848,0.0162486840120331,0.0763986179960948,0.03661781677279
"t__d__Bacteria;p__Firmicutes;c__Bacilli;o__Lactobacillales;f__Streptococcaceae;g__Streptococcus;s__Streptococcus cristatus_E",0.00711789882428473,0.00627984204674775,0.0375261921509069,0.0170785045755546,0.0174779163592833,0.0376735356564934,0.039315014562793,0.185528137790186,0.00424439301746964,0.0561634357605067,0.0874965861356465,0.0559350562034225,0.020526809464002,0.0305765677081642,0.0871869933556068,0.0460084589074045
"t__d__Bacteria;p__Firmicutes;c__Bacilli;o__Lactobacillales;f__Streptococcaceae;g__Streptococcus;s__Streptococcus cristatus_F",0.0102531637826006,0.0136699041455695,0.0815556517560345,0.0264371154036883,0.00960252824523535,0,0.0511478324632131,0.0597458923090081,0.0343088435578796,0.0525784878177281,0.00564174649795873,0.0520756039941065,0.0219649738447956,0.0696113114519313,0.053404324578117,0.0361331586565244
"t__d__Bacteria;p__Firmicutes;c__Bacilli;o__Lactobacillales;f__Streptococcaceae;g__Streptococcus;s__Streptococcus cristatus_G",0.0169676208547417,0.00902868594070856,0.0494522474158786,0.0501223246422374,0.0450817751227681,0.0384226695093217,0.0298666655469479,0.144827796974242,0.0335544102245439,0.160632791173153,0.120626225280356,0.0712942773764909,0.132338080773058,0.0868318058894336,0.0247262523330192,0.0675849086037934
"t__d__Bacteria;p__Firmicutes;c__Bacilli;o__Lactobacillales;f__Streptococcaceae;g__Streptococcus;s__Streptococcus downei",0,0.0059493418731012,0.0495189776079814,0,0.0524673471520932,0.0438956673015345,0.00885960757059797,0.180861565468584,0.0241124668330593,0.0155799886597108,0.0359345873621787,0.0987938548710232,0.0359060196277246,0.0721885895430769,0.0469963595086641,0.0447376248919553
"t__d__Bacteria;p__Firmicutes;c__Bacilli;o__Lactobacillales;f__Streptococcaceae;g__Streptococcus;s__Streptococcus gordonii",0.0213746042406753,0.0218152280391769,0.0947408759819155,0.0523556359459948,0.0379008498278216,0.098840963762736,0.0242321356156239,0.316846036788396,0.0541256740337189,0.0611841626640147,0.0216266949088418,0.0748942352682241,0.0213991501872066,0.0671507685424848,0.0924718049711843,0.0707305880518677
"t__d__Bacteria;p__Firmicutes;c__Bacilli;o__Lactobacillales;f__Streptococcaceae;g__Streptococcus;s__Streptococcus halitosis",0.025424182232574,0.0084249440237007,0.0119420368391836,0.0265671446038664,0.0533589720931718,0.0271592779427609,0.0138829193064896,0.19837705255106,0.0187177732070411,0.0287262392754948,0,0.00660020329456357,0.0107139137649627,0.040970367420267,0.0307876298508365,0.0334435104270649
"t__d__Bacteria;p__Firmicutes;c__Bacilli;o__Lactobacillales;f__Streptococcaceae;g__Streptococcus;s__Streptococcus infantis",0.063017232022963,0.00847628114630854,0.126189806149518,0.0511087820704393,0.0233956441350999,0.0359819591578369,0.0201722870435701,0.18272664034579,0.0208715756905183,0.0517518924800653,0.0879197186947062,0.160112435431085,0.00812780983765322,0.052711975503747,0.12731405197595,0.0679918727790167
"t__d__Bacteria;p__Firmicutes;c__Bacilli;o__Lactobacillales;f__Streptococcaceae;g__Streptococcus;s__Streptococcus infantis_B",0.0205524814078694,0.00263451018330706,0.0462735767003892,0.0978936923267341,0.073182403767001,0.0337358654148783,0.0160829945033643,0.241661129282872,0.0272171702245241,0.0193658186557265,0.0159279610725198,0.105305018576001,0.0488691863203769,0.0841073440002232,0.0378734471165464,0.0580455066368222
"t__d__Bacteria;p__Firmicutes;c__Bacilli;o__Lactobacillales;f__Streptococcaceae;g__Streptococcus;s__Streptococcus infantis_C",0.018309600013954,0.0157704706806297,0.0394338828903107,0.0519923776055106,0.0149331977696412,0.0196066666566962,0.00437366853071943,0.19626086734004,0.0361023076662418,0.027747205403494,0.0349043908856114,0.0698968705710596,0,0.0390523112601613,0.0658345823029439,0.0422812266384676
"t__d__Bacteria;p__Firmicutes;c__Bacilli;o__Lactobacillales;f__Streptococcaceae;g__Streptococcus;s__Streptococcus infantis_E",0.0097871108833915,0.0248406785870317,0.0462577380132788,0.0347956476627502,0.0367288032529484,0.0444902316662254,0.0336204855668747,0.19542251438149,0.119715861225321,0.0564341020087243,0.0331884306576616,0.0989650445583058,0.0493363757294621,0.061873526583367,0.0815249759980538,0.0617987684516591
"t__d__Bacteria;p__Firmicutes;c__Bacilli;o__Lactobacillales;f__Streptococcaceae;g__Streptococcus;s__Streptococcus infantis_F",0.055039029738656,0,0.0551528626309074,0.0624966916191856,0.00918004500261165,0.0296165784531497,0.0319548741647731,0.10755002182529,0,0.030461710818841,0.0122237840789106,0.0416030675607715,0.055826247679296,0.0700380045412686,0.0404181436957703,0.0401040707872955
"t__d__Bacteria;p__Firmicutes;c__Bacilli;o__Lactobacillales;f__Streptococcaceae;g__Streptococcus;s__Streptococcus infantis_G",0.00403912512647903,0,0.109432372768734,0.0114487582610784,0.033840575198498,0.0333929253465644,0.022162323011474,0.0951325695219255,0.0613080490449776,0.093276538475405,0.091307586612841,0.0475656443162341,0.0251218774477959,0.0465016685922968,0.0902409497397399,0.0509847308976029
"t__d__Bacteria;p__Firmicutes;c__Bacilli;o__Lactobacillales;f__Streptococcaceae;g__Streptococcus;s__Streptococcus infantis_H",0.0074568463873459,0.0144350622943766,0.0200953387899196,0.0281325339820747,0.0393044925662129,0.0843331826083277,0.0176226387313745,0.100280842389041,0.026423191922017,0.0739094514943955,0.0784322449858668,0.0350080637865832,0.0502827008290317,0.0764665068322717,0.00810356775299233,0.0440191110234554
"t__d__Bacteria;p__Firmicutes;c__Bacilli;o__Lactobacillales;f__Streptococcaceae;g__Streptococcus;s__Streptococcus infantis_I",0.0230493553413206,0.0197222798300468,0.101557945005061,0.048117086582483,0.0724095667502423,0.00653948001631565,0.0663304216911615,0.130266765010162,0.0153623447271193,0,0.0124118422955092,0.0586800815547233,0.0389931936526633,0.0539805267187813,0.0856482591741203,0.0488712765566473
"t__d__Bacteria;p__Firmicutes;c__Bacilli;o__Lactobacillales;f__Streptococcaceae;g__Streptococcus;s__Streptococcus infantis_J",0.0499815870157412,0.0102069000616967,0,0.0413162470652955,0.057079839008656,0.0193196973964379,0.0331055951716624,0.207157111673434,0.0254725769956859,0.0319020685378948,0.0646727384877115,0.0743109284733446,0.0626754245742897,0.0517660588839854,0.0629919690781576,0.0527972494949329
"t__d__Bacteria;p__Firmicutes;c__Bacilli;o__Lactobacillales;f__Streptococcaceae;g__Streptococcus;s__Streptococcus infantis_K",0.0126985987262782,0.0327890515487695,0.0999496738014628,0.112732580036349,0.0343077349280611,0.0608995968383415,0.0219476642089813,0.20404586106467,0.0156901260866142,0.0778147084910896,0.0278667494665104,0.0266597994162257,0.0513067448000366,0.0581836165961185,0.0493358588231194,0.0590818909888418
"t__d__Bacteria;p__Firmicutes;c__Bacilli;o__Lactobacillales;f__Streptococcaceae;g__Streptococcus;s__Streptococcus koreensis",0.008282979828421,0.0313975705469358,0.140160767410857,0.0447653012825869,0.0217733848783811,0.0500964857897398,0.00721655307568707,0.182357385314676,0.0431720212843514,0.148518529410684,0.0775996728680466,0.0537310892131521,0.0820306567090631,0.0822109900511289,0.137698501160868,0.0740674592549719
"t__d__Bacteria;p__Firmicutes;c__Bacilli;o__Lactobacillales;f__Streptococcaceae;g__Streptococcus;s__Streptococcus lactarius",0.0234995718986689,0.0452281936850373,0,0.0338884870400439,0.0235262557552372,0.0748121794665391,0.066057697143343,0.326862444934246,0.0655247601456548,0.0346162324405274,0.0617980457537327,0.089639360508909,0.101322090194853,0.0322203387890517,0.134947656677538,0.0742628876288921
"t__d__Bacteria;p__Firmicutes;c__Bacilli;o__Lactobacillales;f__Streptococcaceae;g__Streptococcus;s__Streptococcus mitis",0.0152243947074979,0.00908451787347261,0.0232091884546969,0.0512549858814913,0.00597228628224267,0.0191513343334958,0,0.123424439369608,0.105747502570342,0,0.0348833066535162,0.0135775610631022,0.040727875187232,0.0930471594428311,0.0361022355403856,0.0380937858239943
"t__d__Bacteria;p__Firmicutes;c__Bacilli;o__Lactobacillales;f__Streptococcaceae;g__Streptococcus;s__Streptococcus mitis_A",0.013470922395187,0.0388993054095097,0.0140982379351473,0.0157245563260992,0.0654454217687656,0.0179206904293265,0.00770517385685339,0.171775874590986,0,0.0361210444200716,0.0554597927583933,0.0195428876598077,0.00574448142291619,0.0115615636239467,0.0943616330467899,0.03785543904292
"t__d__Bacteria;p__Firmicutes;c__Bacilli;o__Lactobacillales;f__Streptococcaceae;g__Streptococcus;s__Streptococcus mitis_AD",0.0134672816147347,0.00903198986676768,0.0225061463507691,0.00549653020822446,0.0357391264128737,0,0.0371360086676789,0.176106930450389,0.0254451578835472,0.00478617251626316,0.0652878194453997,0.00594018296510721,0.0621759897786699,0,0.026865850703584,0.0326656791242673
"t__d__Bacteria;p__Firmicutes;c__Bacilli;o__Lactobacillales;f__Streptococcaceae;g__Streptococcus;s__Streptococcus mitis_AH",0.0238998831201832,0.00546595552905811,0.0201658570800866,0.0104645478964273,0.0126965898499874,0.0186375180464996,0.0178158654056025,0.067348964806962,0.0460178947817422,0.0191446900650526,0.0344527569363362,0.0744736236143617,0,0.0241051905673019,0.0808953522170973,0.0303723126611132
"t__d__Bacteria;p__Firmicutes;c__Bacilli;o__Lactobacillales;f__Streptococcaceae;g__Streptococcus;s__Streptococcus mitis_AI",0,0,0.0605399259116896,0.04669585405554,0.0153601907216512,0.0252087064285905,0.00814472027896058,0.145696450364867,0.0104593970787645,0.0169909124327342,0.0512868722065013,0.023165064555188,0.0142958419899567,0.0305469765365695,0.0128751394935051,0.0307510701369679
"t__d__Bacteria;p__Firmicutes;c__Bacilli;o__Lactobacillales;f__Streptococcaceae;g__Streptococcus;s__Streptococcus mitis_AQ",0.00347986164742809,0.00164656886456691,0.0271539170986199,0.0207309035978466,0.00508448475906422,0.0283061041439807,0.026911732279,0.263441773980095,0.0525720424983953,0.0282851278183707,0.0107048523294602,0.0660005022862445,0.0256899067001266,0.0435480099342739,0.0531075337349042,0.0437775547781585
"t__d__Bacteria;p__Firmicutes;c__Bacilli;o__Lactobacillales;f__Streptococcaceae;g__Streptococcus;s__Streptococcus mitis_AV",0.00380609867687447,0.0116083104951967,0.0664454750780576,0.0252735192827929,0.0127451203604272,0.0949904504922328,0.0339711055809724,0.134155667025351,0.0402284039372779,0.0178683773940491,0.025263511292819,0.0279690043376574,0.0426519000981057,0.048655818702425,0.0158659818462566,0.0400999163066997
"t__d__Bacteria;p__Firmicutes;c__Bacilli;o__Lactobacillales;f__Streptococcaceae;g__Streptococcus;s__Streptococcus mitis_BB",0.0112035930283382,0.00481895821029916,0.0345350862657168,0.0146050659818536,0.0177143722365193,0.0504323687226098,0,0.240598596344982,0.0112078673383645,0,0.0100297715519266,0.0272246376845184,0.0285058463311334,0.0516518286993827,0,0.0335018661597096
"t__d__Bacteria;p__Firmicutes;c__Bacilli;o__Lactobacillales;f__Streptococcaceae;g__Streptococcus;s__Streptococcus mitis_BF",0.00380609867687447,0.00856215809574794,0,0.0787579608719819,0.0511212559320493,0.0759587962761576,0.0302356440325061,0.0628538849755492,0.0367337006076629,0.0649182779168186,0.0456237917253156,0.0481263515878112,0.0210158188681996,0.0311693270155645,0.145148165849445,0.0469354154954456
"t__d__Bacteria;p__Firmicutes;c__Bacilli;o__Lactobacillales;f__Streptococcaceae;g__Streptococcus;s__Streptococcus mitis_BG",0.044509037074512,0.0184216967315374,0.0165861622766439,0.0343517522871392,0.00381336356929817,0.0131811394078862,0.0110398905819907,0.199149260289361,0.0664135018472708,0,0.0222170166903573,0.024412388184018,0.0601724543350017,0.031678488585345,0.0313874463954714,0.0384889065503889
"t__d__Bacteria;p__Firmicutes;c__Bacilli;o__Lactobacillales;f__Streptococcaceae;g__Streptococcus;s__Streptococcus mitis_BJ",0.0146409372254825,0.0106574622113177,0.0251631506971787,0.0208745823746115,0.0370542238837065,0.00706263841762091,0.030487042405309,0.124828037876361,0.028140264594238,0.00598271564532895,0.0254391478453412,0.0123203794831853,0.0132383110980785,0.0231231272478933,0.00441630422524669,0.0255618883487267
"t__d__Bacteria;p__Firmicutes;c__Bacilli;o__Lactobacillales;f__Streptococcaceae;g__Streptococcus;s__Streptococcus mitis_BL",0.00405983858866611,0.00442744072472436,0.0422882516642952,0.0266970243221713,0.0339149300724578,0,0.00427437207353411,0.159667612098067,0.0268249962928942,0.0697880816545873,0.0363159258944947,0.0559066713113348,0,0.0335144425135073,0.0749374846705003,0.038174471458749
"t__d__Bacteria;p__Firmicutes;c__Bacilli;o__Lactobacillales;f__Streptococcaceae;g__Streptococcus;s__Streptococcus mitis_BO",0.00417583397691371,0.00685758510072469,0.0112785903481179,0.0391159777278873,0.0507414511597495,0,0,0.16607421891491,0.0120585851389493,0.0179250204721477,0.0465667964910879,0,0.0113293939174181,0.0344332231430823,0,0.0267037784260659
"t__d__Bacteria;p__Firmicutes;c__Bacilli;o__Lactobacillales;f__Streptococcaceae;g__Streptococcus;s__Streptococcus mitis_BP",0.0164506205026857,0,0.0229654554599685,0.0337479479315541,0.00970754023713559,0.0659745940876452,0.0332481765658432,0.0956546513694572,0.0123183135694984,0.00478617251626316,0.0087760501079358,0.00754308947950122,0.0189601783913062,0,0.0506628929096245,0.0253863788752279
"t__d__Bacteria;p__Firmicutes;c__Bacilli;o__Lactobacillales;f__Streptococcaceae;g__Streptococcus;s__Streptococcus mitis_BQ",0,0.00960498504330698,0.0334294276272392,0.0908171772046017,0.0333354645379737,0.0205380544262413,0,0.122420448709154,0.0235481129488705,0.0258825441781046,0.0304633061373771,0.0238323427617868,0.0396904782860493,0,0.0445375233960507,0.0332066576837837
"t__d__Bacteria;p__Firmicutes;c__Bacilli;o__Lactobacillales;f__Streptococcaceae;g__Streptococcus;s__Streptococcus mitis_BR",0.0218634577795898,0.0157298593362289,0.043850699117113,0.0350314139841308,0.0285066387260942,0.0768790181140318,0.0318009054712185,0.19864634663348,0,0.0829926566639924,0.0732868679886679,0.0128970432078864,0.0590290973826819,0.0617082056888555,0.0502123786701189,0.0528289725842726
"t__d__Bacteria;p__Firmicutes;c__Bacilli;o__Lactobacillales;f__Streptococcaceae;g__Streptococcus;s__Streptococcus mitis_BS",0.00326237029446383,0.0286672352274709,0.0267505027487411,0.0485695011940872,0.0269477692230404,0.0176565960440523,0.00872678410781707,0.210603309933782,0.0301918501130525,0.00478617251626316,0.0285831341064262,0.031931088780857,0.0668968144026298,0.0179985422902521,0.0296724305946284,0.0387496067718376
"t__d__Bacteria;p__Firmicutes;c__Bacilli;o__Lactobacillales;f__Streptococcaceae;g__Streptococcus;s__Streptococcus mitis_BT",0.0232257660352453,0.00526902036661412,0.0236446343432458,0.00556523683582727,0.0046242050861384,0.00956398952386164,0.00747428711410447,0.0216347369045208,0.0614650117395888,0.00538444408079605,0,0.0509354047407967,0.0105278810241184,0.0577465928612422,0.0183381775448339,0.0203599592133956
"t__d__Bacteria;p__Firmicutes;c__Bacilli;o__Lactobacillales;f__Streptococcaceae;g__Streptococcus;s__Streptococcus mitis_L",0,0.0294483481885011,0.0591778375571686,0.0211272879878628,0.0362413353396401,0.0546279894229839,0.023192365695178,0.22740967376595,0.0105910370877649,0.0193919349463137,0.0189491041106042,0.0799263307607351,0.0596954368813649,0.103113567488876,0.071923792209671,0.0543210694295076
"t__d__Bacteria;p__Firmicutes;c__Bacilli;o__Lactobacillales;f__Streptococcaceae;g__Streptococcus;s__Streptococcus mitis_M",0.0229769868827104,0.00660615606984582,0.0562270901178229,0.00883370926321789,0.0463074772127238,0.00890923017235211,0,0.210569923923282,0.0259583812060985,0.0255761093837812,0.0289217623017475,0,0.025117669036497,0.0258136421005489,0.16644782495908,0.0438843975086472
"t__d__Bacteria;p__Firmicutes;c__Bacilli;o__Lactobacillales;f__Streptococcaceae;g__Streptococcus;s__Streptococcus mitis_N",0.0192997683928043,0.00842568572138743,0.0372793742598854,0.0526789832426093,0.0241709293369469,0.0542151170876046,0.0104084900130102,0.211034462013605,0.00530549127183705,0.0348991745977522,0.0268799033095269,0.0399486638491803,0.00958242499984288,0.025688321424171,0.0816584957683709,0.0427650190192356
"t__d__Bacteria;p__Firmicutes;c__Bacilli;o__Lactobacillales;f__Streptococcaceae;g__Streptococcus;s__Streptococcus mitis_O",0.0104395849422843,0.00269795853171151,0.0287888388087462,0.0152403792137133,0.0340176242213583,0.0499040283608526,0.0260642345651334,0.115052529768803,0.0271610096583783,0.0627161420739704,0.0239460795802248,0.0143332476045043,0,0.0184406986720071,0.0185484777460361,0.0298233889165149
"t__d__Bacteria;p__Firmicutes;c__Bacilli;o__Lactobacillales;f__Streptococcaceae;g__Streptococcus;s__Streptococcus mitis_Q",0.0200545546290384,0.0265144934719008,0.147565827147892,0.0206356340682635,0.0277100456296969,0,0.0120682904962821,0.170779740766965,0.097333801854251,0.0122047399164711,0.0387176474836989,0.0761355025172661,0.0369221670840311,0.0720786126281722,0.0526082807510089,0.0540886225629959
"t__d__Bacteria;p__Firmicutes;c__Bacilli;o__Lactobacillales;f__Streptococcaceae;g__Streptococcus;s__Streptococcus mitis_S",0.0110877944648444,0.019157564601048,0.00924086183984447,0.0433529370726253,0.00425368659581843,0.0256389373645951,0.0376688019850519,0.103077500010867,0.0204640377628001,0.0297737225362344,0.0550438223539973,0.0410883243956039,0.107771369237604,0.120119607835924,0.0123532985321586,0.0426728177726011
"t__d__Bacteria;p__Firmicutes;c__Bacilli;o__Lactobacillales;f__Streptococcaceae;g__Streptococcus;s__Streptococcus oralis",0.0248184937841462,0.00838253240143155,0.0255900789411078,0.0480894540146281,0.0309735940940384,0.0227214663395836,0.0185733475724122,0.325669158730261,0.0374332334522647,0.00344604421170948,0.027928032730356,0.0492232685195385,0.080001463519485,0,0.0316992503278818,0.0489699612425896
"t__d__Bacteria;p__Firmicutes;c__Bacilli;o__Lactobacillales;f__Streptococcaceae;g__Streptococcus;s__Streptococcus oralis_AA",0.0201536656409794,0.016626860730296,0.0208277009888755,0.0113071064230105,0.00459790503480969,0,0.0185205036580705,0.136058718985766,0.00591183313147557,0.0241397397976214,0.064650507163405,0.059357762962367,0.0335380174551369,0.0166740335094749,0.031459269459985,0.0309215749960849
"t__d__Bacteria;p__Firmicutes;c__Bacilli;o__Lactobacillales;f__Streptococcaceae;g__Streptococcus;s__Streptococcus oralis_AB",0,0,0.0151644912243602,0.0289886297105743,0.0249987167320658,0.035450669792993,0,0.25503545046263,0.0233532308119323,0.0329876541157741,0.0322239638370803,0.0366765582555566,0.00435529310495607,0.00232935679892781,0.0643739491321158,0.0370625309319311
"t__d__Bacteria;p__Firmicutes;c__Bacilli;o__Lactobacillales;f__Streptococcaceae;g__Streptococcus;s__Streptococcus oralis_B",0.0174426985997634,0.00246985329685037,0.0225619195997434,0.0129357121534643,0.0163179421089722,0,0.0109000020414023,0.267791331592555,0.0166744011400593,0.0161533322423882,0.0111085551200118,0.0829729175119308,0.0200695580782588,0,0.0162746864797042,0.0342448606643403
"t__d__Bacteria;p__Firmicutes;c__Bacilli;o__Lactobacillales;f__Streptococcaceae;g__Streptococcus;s__Streptococcus oralis_BD",0,0.0191620459633394,0.057489637848365,0.0707140980124745,0.0542905476905461,0.0110353725275327,0.0493532974315535,0.0941354825510267,0.0564544023010044,0.146840996647547,0.0561031465173129,0.0989785236210599,0.0569544022554099,0.0517134491870914,0.071936194000571,0.0596774397703223
"t__d__Bacteria;p__Firmicutes;c__Bacilli;o__Lactobacillales;f__Streptococcaceae;g__Streptococcus;s__Streptococcus oralis_BG",0.00425096735339226,0.0168496254367372,0.0132689298213151,0.0087498077293809,0.0429108192105876,0.031731912166582,0.0139140584351169,0.171066176895007,0.0494861625906594,0.0428581356617637,0.0263627954011467,0.0423302017826438,0.0111380978336465,0.0660601675738889,0.0629906849238245,0.0402645695210462
"t__d__Bacteria;p__Firmicutes;c__Bacilli;o__Lactobacillales;f__Streptococcaceae;g__Streptococcus;s__Streptococcus oralis_BH",0.00410518874499295,0,0.0459622274501097,0,0,0.0102996810256972,0,0.156111078570804,0.020915100315563,0.018698835303865,0.0520451624827494,0.00792024395347628,0.00425517142438236,0.0156237346269549,0.021660920723829,0.0238398229748283
"t__d__Bacteria;p__Firmicutes;c__Bacilli;o__Lactobacillales;f__Streptococcaceae;g__Streptococcus;s__Streptococcus oralis_BK",0.0133840832593388,0.0148771238594837,0.0319642369470143,0.0715419473391306,0.0133427911351119,0.071408781730378,0.0099156012002248,0.17838185763457,0.00848878603493928,0.0267619690920518,0.0720926238852534,0.00594018296510721,0.00957413570486032,0,0.0187362569479901,0.036427358515697
"t__d__Bacteria;p__Firmicutes;c__Bacilli;o__Lactobacillales;f__Streptococcaceae;g__Streptococcus;s__Streptococcus oralis_BL",0.022028767035951,0.00164656886456691,0.0544278093150321,0.0158025243486453,0.0297405673811036,0.0255819999501893,0.00811862221014796,0.117910710191303,0.0348091008003072,0.0711136485377097,0.0794934244491519,0.0780499511170126,0.0438020713692705,0.0207952272074389,0.0486179971229845,0.043462599326721
"t__d__Bacteria;p__Firmicutes;c__Bacilli;o__Lactobacillales;f__Streptococcaceae;g__Streptococcus;s__Streptococcus oralis_D",0.011653848512202,0.0287818099125173,0.0389433100564865,0.0772831639281996,0.0509384846586769,0.0369062921615576,0.0348632372985777,0.098110014219483,0.0255201464955922,0.0398323183669159,0,0.0475104849091152,0.0234097631318268,0.018407600069576,0.0304234291072549,0.0375055935218655
"t__d__Bacteria;p__Firmicutes;c__Bacilli;o__Lactobacillales;f__Streptococcaceae;g__Streptococcus;s__Streptococcus oralis_E",0.00347986164742809,0.0309520494520489,0.0607391951141669,0.0285051773761528,0.048491822852294,0.0503490056734436,0.00837481804807082,0.2130111674985,0.0143502077537967,0.0034699750742908,0.0369906186517483,0.108149781470153,0.0248750229517019,0.00499959508062558,0.0757009523264307,0.0474959500647235
"t__d__Bacteria;p__Firmicutes;c__Bacilli;o__Lactobacillales;f__Streptococcaceae;g__Streptococcus;s__Streptococcus oralis_I",0.00678346544683988,0.0134897796239727,0.076077965975214,0.00412239765616835,0.0280714830815563,0.0612448020978106,0.0352374907017659,0.206014311377013,0.0273040902688839,0.0369097034686843,0.0911694544278295,0.10696944225691,0.0517440180850066,0.021329555357646,0.022489398234863,0.0525971572040109
"t__d__Bacteria;p__Firmicutes;c__Bacilli;o__Lactobacillales;f__Streptococcaceae;g__Streptococcus;s__Streptococcus oralis_K",0.0122157643248257,0.00658627545826764,0.0553859347452217,0.0296420021943534,0.0249367751408043,0.0068314210884726,0.0340807389709072,0.29716558262382,0.0506377809596094,0.0199056890888174,0.0192617203667682,0.0140997749501446,0.00291386738843575,0.0617410835227617,0.0266337116353339,0.0441358748305695
"t__d__Bacteria;p__Firmicutes;c__Bacilli;o__Lactobacillales;f__Streptococcaceae;g__Streptococcus;s__Streptococcus oralis_M",0.00409061287534404,0.0132666405659391,0.0604783853960995,0.0375773282898726,0.0506579796139917,0.0676271068013522,0.0119440999180704,0.182459144715811,0.0264066919798519,0.0669865031497765,0.026102831155202,0.00704021684753447,0.0293751890944578,0.0414576812854472,0.0552415623266327,0.0453807982676922
"t__d__Bacteria;p__Firmicutes;c__Bacilli;o__Lactobacillales;f__Streptococcaceae;g__Streptococcus;s__Streptococcus oralis_O",0,0.00691558923118103,0.0535666836266007,0.0223807310074563,0.0233520747725126,0.119864313438991,0.0161643590984386,0.186728399856889,0,0.0135411865498584,0.0711905203212704,0.0705284381693936,0.0473187888744623,0.00695522937588246,0.0139849633799478,0.0434994185135256
"t__d__Bacteria;p__Firmicutes;c__Bacilli;o__Lactobacillales;f__Streptococcaceae;g__Streptococcus;s__Streptococcus oralis_S",0.00362485588273759,0.00618216169972615,0.0473061042647423,0.0362020780516343,0.0238058183847469,0.0955242087225621,0.0129182441474059,0.252615823914616,0.0422378133921174,0.0682472459920466,0.00658203758095185,0.113431346329992,0.0610491006624462,0.0866314910039699,0.131937680104807,0.0658864006756335
"t__d__Bacteria;p__Firmicutes;c__Bacilli;o__Lactobacillales;f__Streptococcaceae;g__Streptococcus;s__Streptococcus oralis_V",0.023958550380621,0.0083006442172579,0.0959735483731708,0.0171348835492834,0.00903908401611418,0.0646470702502284,0.00420965596081746,0.229841959443918,0.0458892421350083,0.0746691625644453,0.0504384285757249,0.0279188599360039,0.0294905618080046,0.012498987701564,0.0968228736161624,0.052722234168555
"t__d__Bacteria;p__Firmicutes;c__Bacilli;o__Lactobacillales;f__Streptococcaceae;g__Streptococcus;s__Streptococcus oralis_Y",0,0.0144099498905829,0.0676135760596721,0,0.00469337054682852,0.015081675787628,0.0157770795986681,0.199882714142091,0.0437680653308111,0.043305414993605,0.0340295820511796,0.0190085854883431,0.0395709320661542,0.0187484815523459,0.0379657690913727,0.0369236797732855
"t__d__Bacteria;p__Firmicutes;c__Bacilli;o__Lactobacillales;f__Streptococcaceae;g__Streptococcus;s__Streptococcus oralis_Z",0.0225129442145738,0.0031664785857056,0.0636403835179925,0.0058656257031506,0.0283203938631248,0.0104222962760031,0.0100229903828987,0.214325535549533,0.0100804334164904,0.0447028513018979,0.0306579668821614,0.0561589668189359,0.0304402040901983,0.0427666769732412,0.0247065970643171,0.0398526896426816
"t__d__Bacteria;p__Firmicutes;c__Bacilli;o__Lactobacillales;f__Streptococcaceae;g__Streptococcus;s__Streptococcus parasanguinis",0.00688722617720143,0.0164543180370001,0.0174974898742617,0.0472548595753398,0.0565110103514656,0.0461850776152293,0.0167757405876673,0.276541374081445,0.0497577876127932,0.0198810242983239,0.0072796729005919,0.0680944486283426,0.0831078124160551,0.0106241395463294,0.146933321630922,0.0579856868888645
"t__d__Bacteria;p__Firmicutes;c__Bacilli;o__Lactobacillales;f__Streptococcaceae;g__Streptococcus;s__Streptococcus parasanguinis_A",0.0294687062810844,0.0156235862835049,0.0660504332002992,0.0158157371616459,0.0317947523231612,0.0188620233610881,0.00618561692201749,0.114337422451996,0.0452991600156817,0.020740080903807,0.0843911223359735,0.091710016948664,0.0419086730404357,0.08114980170371,0.0344541829636309,0.04651942105978
"t__d__Bacteria;p__Firmicutes;c__Bacilli;o__Lactobacillales;f__Streptococcaceae;g__Streptococcus;s__Streptococcus parasanguinis_B",0.0264468134326566,0,0.0747726319330222,0.0373698764555171,0.0691813511592512,0.143678142563389,0.0124131305353621,0.11583397377304,0.0435734615773527,0.095844632893782,0.0604749714074152,0.0750918186222013,0.0977965001068104,0.0646148864678987,0.0695778247267443,0.0657780010436296
"t__d__Bacteria;p__Firmicutes;c__Bacilli;o__Lactobacillales;f__Streptococcaceae;g__Streptococcus;s__Streptococcus parasanguinis_C",0.0206743973241753,0.0167413204219745,0,0.0150853863792312,0.0444681259518492,0.139220135634009,0.0356497283917824,0.06776837288258,0.0124064724846169,0.0265605744800213,0.0302891534482082,0.100128417453426,0.0545493122978713,0.048363995565574,0.0894502725603994,0.0467570443517146
"t__d__Bacteria;p__Firmicutes;c__Bacilli;o__Lactobacillales;f__Streptococcaceae;g__Streptococcus;s__Streptococcus parasanguinis_D",0.0128848357091889,0.0243167547013833,0.0377786729849014,0.0314025001082175,0.0175261377495213,0.0872349249812211,0.0289943311369964,0.120059494639208,0.0409689785154229,0.0191746036432793,0.13170870688828,0.089137055046739,0.0599588412891037,0.0917992747281931,0.0239340747168239,0.0544586124558987
"t__d__Bacteria;p__Firmicutes;c__Bacilli;o__Lactobacillales;f__Streptococcaceae;g__Streptococcus;s__Streptococcus parasanguinis_E",0.0652705164629101,0.00263451018330706,0.100464200406641,0.0329045854822352,0.100123559164284,0.0529939112402846,0.00451034567230442,0.164063012795123,0.0237150861398018,0.0437433300702296,0.00902679439673397,0.0652453648149684,0.059399635447208,0.0869149672953744,0.119378341173869,0.0620258773830183
"t__d__Bacteria;p__Firmicutes;c__Bacilli;o__Lactobacillales;f__Streptococcaceae;g__Streptococcus;s__Streptococcus parasanguinis_F",0.023283146913535,0.0311803356519156,0.0182605748493337,0.102883695521854,0.0303316641876049,0.0621532607098476,0.0166279134861481,0.292410593646828,0.0502598400008721,0.091263165937942,0.0723907348579858,0.0725959310899677,0.159884865242359,0.037845149190664,0.0604513549960537,0.0747881484188607
"t__d__Bacteria;p__Firmicutes;c__Bacilli;o__Lactobacillales;f__Streptococcaceae;g__Streptococcus;s__Streptococcus parasanguinis_G",0.00652474058892767,0.0309827051115249,0.0528833885391228,0.068461211021958,0.0297201420822361,0.0509993252834077,0.0228170373118088,0.0856818693348295,0.00477494214465335,0.105686275554238,0.0737841497465842,0.0409784820982959,0.0528183888683045,0.133920059865825,0.118694575343002,0.0585818195263145
"t__d__Bacteria;p__Firmicutes;c__Bacilli;o__Lactobacillales;f__Streptococcaceae;g__Streptococcus;s__Streptococcus parasanguinis_H",0.0185304791448652,0.0157217088121988,0.150318348980811,0.0319720377242885,0.0518851558484757,0.0443107255827137,0.0189545002894792,0.211502648360576,0.117133918615668,0.0260995970027475,0.0823186270609226,0.0903461939244145,0.0132974107011949,0.0429012226163386,0.140251604632135,0.0703696119531219
"t__d__Bacteria;p__Firmicutes;c__Bacilli;o__Lactobacillales;f__Streptococcaceae;g__Streptococcus;s__Streptococcus peroris",0.0145822773796987,0.00296382395622044,0.0292103635329735,0.0293514924307591,0.0478676455651374,0.0437788150594192,0.0524906411274985,0.122609409315396,0.00477494214465335,0.0416310190285824,0.0256047710628872,0.0768147203951866,0.0227135892849986,0.0585426487153747,0.0558929030834724,0.0419219374721505
"t__d__Bacteria;p__Firmicutes;c__Bacilli;o__Lactobacillales;f__Streptococcaceae;g__Streptococcus;s__Streptococcus pseudopneumoniae_A",0.0136814124899087,0.0258395172258615,0.0436690507395204,0.0172104527319493,0.0148848789183955,0.00551768626376633,0.0526181720231195,0.159870521270478,0.0653906439091999,0,0.0778095143869725,0.0359202461737108,0.0109418693769832,0.098276035516143,0.0140402976882074,0.042378019914281
"t__d__Bacteria;p__Firmicutes;c__Bacilli;o__Lactobacillales;f__Streptococcaceae;g__Streptococcus;s__Streptococcus pseudopneumoniae_C",0.00347986164742809,0.0383023141837196,0.0438308667898307,0.0060118299152455,0.0308103259005301,0.0176565960440523,0.0284794735666829,0.0881862300503433,0.0317696701494253,0.0364122091168475,0.0143065988136039,0.0891657697767941,0.00989290290215725,0.0138825674797805,0.0408262790600583,0.0328675663597666
"t__d__Bacteria;p__Firmicutes;c__Bacilli;o__Lactobacillales;f__Streptococcaceae;g__Streptococcus;s__Streptococcus pseudopneumoniae_D",0,0.0124590662021587,0.0220723544143031,0.0365241724686167,0.00950329848895578,0.0502973497377228,0.00866571043521452,0.129534263035762,0.0617640485675006,0.0330323011119543,0,0.0601931539836945,0.0518566086361146,0.0255166408791792,0.0556546982120074,0.0371382444115456
"t__d__Bacteria;p__Firmicutes;c__Bacilli;o__Lactobacillales;f__Streptococcaceae;g__Streptococcus;s__Streptococcus pseudopneumoniae_L",0.00410817000043594,0.0139648742248696,0.0155091387521865,0.0556586128768898,0.00491500193376208,0.104893372557715,0.0322363173341548,0.0994576360786958,0.0517575264613326,0.0293921452831005,0.0281616470237976,0.125579296054578,0.0187227542672824,0.0795474383057715,0.0726300265685954,0.0491022638482111
"t__d__Bacteria;p__Firmicutes;c__Bacilli;o__Lactobacillales;f__Streptococcaceae;g__Streptococcus;s__Streptococcus pseudopneumoniae_M",0.0369113376605173,0.00595901112890882,0.0160913886222898,0.0489883650429374,0.0515588811031329,0.0658331722648931,0.0139795447798455,0.200404983332844,0.0055707658354289,0.0227021513152914,0.0405286029419213,0.00762690158482902,0.0235538800449461,0.0293148606252059,0.0471452420072738,0.041077939219351
"t__d__Bacteria;p__Firmicutes;c__Bacilli;o__Lactobacillales;f__Streptococcaceae;g__Streptococcus;s__Streptococcus pseudopneumoniae_N",0.0271390171589885,0.0074095598905511,0.0212302877141042,0.0204097350047815,0.0531668611953579,0.0548193927308825,0.0155435441963776,0.136887449125951,0.0412358937257835,0.0721214244177964,0.072447601660251,0.0138560293547286,0.0360418545841841,0.103937124301874,0.0289232876720124,0.0470112708489083
"t__d__Bacteria;p__Firmicutes;c__Bacilli;o__Lactobacillales;f__Streptococcaceae;g__Streptococcus;s__Streptococcus pseudopneumoniae_P",0.0191827396282038,0.0134136290340688,0.00796135789278908,0.00717876578699284,0.0256675736090849,0.0422059336249222,0.00644335096043489,0.157852472581075,0.0979067747401563,0.059502949058978,0.0421896488005709,0.078187473009434,0,0.0318843224367991,0.0630270960421644,0.043506939147045
"t__d__Bacteria;p__Firmicutes;c__Bacilli;o__Lactobacillales;f__Streptococcaceae;g__Streptococcus;s__Streptococcus rubneri",0.049634670796742,0.0156147301259957,0.109955002176109,0.0489656495497212,0.0490538263827196,0.12403126652803,0.0559987076066676,0.0833487407480747,0.0481016867472673,0.044829296065514,0.0715822500428554,0.0781221051019207,0.0600868110041332,0.0733512133474731,0.0461357432537015,0.0639207799651284
"t__d__Bacteria;p__Firmicutes;c__Bacilli;o__Lactobacillales;f__Streptococcaceae;g__Streptococcus;s__Streptococcus salivarius",0.0785396679707813,0.00831343036514802,0.00930748120799498,0.0513010427336285,0.0850946939505654,0.103325833372644,0.0374491060266751,0.156701027774647,0.0247473244192926,0.0393015584732434,0.0821176424650295,0.0186691464617655,0.00319137856828677,0.0538417931759678,0.150748358824898,0.0601766323860378
"t__d__Bacteria;p__Firmicutes;c__Bacilli;o__Lactobacillales;f__Streptococcaceae;g__Streptococcus;s__Streptococcus sanguinis",0.0325585532009063,0.00949521378566919,0.029828465482933,0.0975373209708847,0.0861880304942702,0.134863870882786,0.0169028264083953,0.313807898234935,0.0336617520624819,0.0294007740284737,0.0968529956780748,0.0223086871356248,0.0143997467767142,0.0494962488322805,0.0404010866234364,0.0671802313731911
"t__d__Bacteria;p__Firmicutes;c__Bacilli;o__Lactobacillales;f__Streptococcaceae;g__Streptococcus;s__Streptococcus sanguinis_A",0.0328043741365611,0.00987312575013785,0.0494914648393639,0.0864606161838179,0.0191720140828853,0.0269077558778668,0.0436045018260545,0.180632970641376,0.0861364303481446,0.0871862356929373,0.0281958443301619,0.0617574104368316,0.0588658918512511,0.0252519270446675,0.0275928367439469,0.0549288933190669
"t__d__Bacteria;p__Firmicutes;c__Bacilli;o__Lactobacillales;f__Streptococcaceae;g__Streptococcus;s__Streptococcus sanguinis_C",0.0242146956162136,0.0126104255752253,0.0224541454457293,0.0720785148048117,0.0336916957111618,0.0187876643717183,0.00676551850845663,0.184142471883345,0.021456553836557,0.0186639201121446,0.107196081586763,0.0512399401361841,0.0473642490692627,0.123061867338332,0.030882885038073,0.0516407086022652
"t__d__Bacteria;p__Firmicutes;c__Bacilli;o__Lactobacillales;f__Streptococcaceae;g__Streptococcus;s__Streptococcus sanguinis_D",0.00407796286807979,0.0311470283392293,0.0519916513417065,0.030207671890052,0.0591259331826405,0.0173412996861228,0.00427295905797261,0.16221119545737,0.0185692194514297,0.0120508986570197,0.0261884618480634,0.117712375615878,0.00802680064144855,0.178626091489557,0.0720542032933439,0.0529069168546609
"t__d__Bacteria;p__Firmicutes;c__Bacilli;o__Lactobacillales;f__Streptococcaceae;g__Streptococcus;s__Streptococcus sanguinis_E",0.0212654616712214,0,0.0161952027372659,0.0306591572142787,0.00381336356929817,0.0161753775924957,0.0249615982535026,0.355339558690638,0.0350282509626098,0.072231933207033,0.0775821553288884,0.143018420196277,0.0430113047230631,0.0527751374834271,0.0532617613421738,0.0630212455314782
"t__d__Bacteria;p__Firmicutes;c__Bacilli;o__Lactobacillales;f__Streptococcaceae;g__Streptococcus;s__Streptococcus sanguinis_F",0.0619756061136562,0.0148415861696592,0.026063969291869,0.0103059941404209,0.013762142925954,0.0481564018570908,0.0209007364052831,0.182264834112821,0.0117801858509651,0.0368992168125591,0.0246954357390924,0.0498900306987344,0.0257437871175133,0.0784979459550811,0.0445710703602342,0.0433565962367289
"t__d__Bacteria;p__Firmicutes;c__Bacilli;o__Lactobacillales;f__Streptococcaceae;g__Streptococcus;s__Streptococcus sanguinis_G",0.0310128860352237,0.0200729772043525,0.0244645893580498,0.0308757941411556,0.0319525641424492,0.0218040803660492,0.00902069134460884,0.231221025342092,0.0127331790524089,0.0532982751073029,0.0141043662448968,0.065645530736849,0.0670087048976335,0.031947019230158,0.0468740267772815,0.0461357139987008
"t__d__Bacteria;p__Firmicutes;c__Bacilli;o__Lactobacillales;f__Streptococcaceae;g__Streptococcus;s__Streptococcus sanguinis_H",0.0180163045731192,0.0109044898890446,0.0600096860060034,0.0744119674450566,0.0308882449113152,0.0520753106545244,0.0137535081650584,0.233313676334608,0.0159994597640717,0.0466157063545165,0.0685480178990935,0.110766399358055,0.0383326400929841,0.0609357730132518,0.0770662573464183,0.0607758294538081
"t__d__Bacteria;p__Firmicutes;c__Bacilli;o__Lactobacillales;f__Streptococcaceae;g__Streptococcus;s__Streptococcus sanguinis_I",0.00697784757426987,0.0174658916474433,0.079869254013562,0.0248915523476515,0.06322325508334,0.0274574321197869,0.0172607459382419,0.0721336122548728,0.0272442078242748,0.0334215544826215,0.0100297715519266,0,0.00478706785243016,0.00499959508062558,0.0589084695521544,0.0299113504882134
"t__d__Bacteria;p__Firmicutes;c__Bacilli;o__Lactobacillales;f__Streptococcaceae;g__Streptococcus;s__Streptococcus shenyangsis",0.0110722870599985,0.0131519110957028,0.0383235402159688,0.0342889187233055,0.0259198718005992,0.00716331199155629,0.0152224166440274,0.217402899637459,0,0.0314515189733495,0.0291369591039894,0.0246142919857408,0.0102180634488726,0.141673616350036,0.0957288827693574,0.0463578993199976
"t__d__Bacteria;p__Firmicutes;c__Bacilli;o__Lactobacillales;f__Streptococcaceae;g__Streptococcus;s__Streptococcus sinensis",0.0197244536587139,0.0295992008160421,0.114158409743294,0.0623667947978277,0,0.0439804100251597,0.0188458595488977,0.149914202108799,0.0894327055699263,0.056112272842466,0.108095128026365,0.0208896434272937,0.0284929937620186,0.0568247868519303,0.148728271649753,0.0631443421885658
"t__d__Bacteria;p__Firmicutes;c__Bacilli;o__Lactobacillales;f__Streptococcaceae;g__Streptococcus;s__Streptococcus sp000187745",0.00748273821507974,0.021737133579594,0.101090650518202,0.0353522484218541,0.0386407237976267,0.0345448143609653,0.0397086513712631,0.209364448459405,0.0229197222943361,0.0126097237447702,0.0914289068195812,0.0250229868817421,0.022447161510676,0.024728949572599,0.0556075955576265,0.0495124303403548
"t__d__Bacteria;p__Firmicutes;c__Bacilli;o__Lactobacillales;f__Streptococcaceae;g__Streptococcus;s__Streptococcus sp000220065",0.0347707785287762,0.00800684467475674,0.0304818503038046,0.0161031158444076,0.0304378929718458,0.0171661350428286,0.0215731624082826,0.275636032809701,0.0836623818207283,0.0334552940902756,0.0455975189912507,0.063562730585774,0.0382838907376258,0.066031080324108,0.0840549438766843,0.0565882435340567
"t__d__Bacteria;p__Firmicutes;c__Bacilli;o__Lactobacillales;f__Streptococcaceae;g__Streptococcus;s__Streptococcus sp000259505",0.00652474058892767,0.00753786395791995,0.0801170221972692,0.0144017956826785,0,0,0.0119565860163612,0.106845939915608,0.0142785491033467,0.0247979489496634,0.0525553286554483,0.0217240977009635,0,0.0163623111729564,0.0365081149287059,0.0262406865913232
"t__d__Bacteria;p__Firmicutes;c__Bacilli;o__Lactobacillales;f__Streptococcaceae;g__Streptococcus;s__Streptococcus sp000314795",0.0288904466097884,0.024008061678303,0.0396436203999901,0.0434861931831663,0.0217238032568176,0.0111757831325982,0.0151044374893261,0.132267951167524,0.0558390595142572,0.02364369223034,0.0325080326415714,0.111065558447645,0.0106213499709908,0.0969890844024914,0.0125128619715323,0.0439653290730895
"t__d__Bacteria;p__Firmicutes;c__Bacilli;o__Lactobacillales;f__Streptococcaceae;g__Streptococcus;s__Streptococcus sp000411475",0.00798193265378818,0.0105525328177607,0.0163708331523507,0.0445929787777091,0.0203166798665326,0.0163458812994028,0.0242461236267311,0.240524784852676,0.0638347363634705,0.0443382026296282,0.034464592541956,0.0320409869026995,0.0486956756643937,0.00692251626548157,0.0359879240861919,0.0431477587667181
"t__d__Bacteria;p__Firmicutes;c__Bacilli;o__Lactobacillales;f__Streptococcaceae;g__Streptococcus;s__Streptococcus sp000448565",0.0494393263147527,0.0326578035231151,0.0543998500331469,0.0692353436329475,0.0460781507045583,0.0368196080204344,0.0690334310387161,0.181316541156844,0.067796256554984,0.0216471440847164,0,0.0911862697346007,0.0617317689852538,0.105115244589443,0.0152636006672103,0.0601146892693816
"t__d__Bacteria;p__Firmicutes;c__Bacilli;o__Lactobacillales;f__Streptococcaceae;g__Streptococcus;s__Streptococcus sp001553685",0.016741880959029,0.0126567085404178,0.0539304858366458,0.0358663926165828,0.00832006596937782,0.113065500167012,0.00757355662686889,0.176575291796545,0.0576068280897931,0.0863156540538353,0.0461138369892703,0.142862641778105,0.0210053366957959,0.176948787457177,0.0414519221586349,0.066468992649006
"t__d__Bacteria;p__Firmicutes;c__Bacilli;o__Lactobacillales;f__Streptococcaceae;g__Streptococcus;s__Streptococcus sp001556435",0.013443389517349,0.0257892177686123,0.045193980991785,0.0445415279592083,0.0593672395784629,0.109095551280153,0.0148841407186046,0.181971862659218,0.011318381379919,0.0162966739030857,0.0863932100591037,0.0361540825896305,0.0255657875223563,0.095270811668082,0.0292114807020801,0.0529664892198434
"t__d__Bacteria;p__Firmicutes;c__Bacilli;o__Lactobacillales;f__Streptococcaceae;g__Streptococcus;s__Streptococcus sp001578805",0.0210404840690351,0.0118680229272166,0.036205092421628,0.0284859889464319,0.019377158471417,0.0487587473965778,0.00352431772229848,0.121266160529516,0,0.0329310437944387,0.0445362741554948,0.052211963341373,0.0653141920136364,0.0609151871661652,0.156799470317248,0.0468822735514984
"t__d__Bacteria;p__Firmicutes;c__Bacilli;o__Lactobacillales;f__Streptococcaceae;g__Streptococcus;s__Streptococcus sp001578875",0.0150452441822688,0.0152533027459215,0.0417120716946984,0.0112077686277077,0.00435812979348362,0.100121128812175,0.0519125382959167,0.203506547739345,0.0663924026962356,0.0308089575342423,0.0993299046626906,0.043787717137819,0.0307321098725961,0.0248464725218968,0.0343242282239136,0.0515559016360607
"t__d__Bacteria;p__Firmicutes;c__Bacilli;o__Lactobacillales;f__Streptococcaceae;g__Streptococcus;s__Streptococcus sp001650315",0.0158835874226883,0.00768965952678834,0.061637802887397,0.0134981052934677,0.051942591744335,0,0.0801532277343257,0.10817789733562,0.0122026299252252,0.0553179633298176,0.0498924953586207,0.0239311371091249,0.00911822448081935,0.0059995140967507,0.0430950995943617,0.0359026623892895
"t__d__Bacteria;p__Firmicutes;c__Bacilli;o__Lactobacillales;f__Streptococcaceae;g__Streptococcus;s__Streptococcus sp001808705",0.0150410977992244,0.00680538834044093,0.130416214885501,0.0320409217135098,0.0362601228956077,0.0257284310480008,0.0262824748117596,0.139031869050612,0.0958940118373291,0.0918313204805816,0.0374491823269433,0.0929627935792875,0.110287143835543,0.0493547447066899,0.0580933788728341,0.0631652730789243
"t__d__Bacteria;p__Firmicutes;c__Bacilli;o__Lactobacillales;f__Streptococcaceae;g__Streptococcus;s__Streptococcus sp001810785",0.00736124579263634,0.0172184058408997,0.0348373200741356,0.0319640311281819,0.0347458098376651,0.0875459212383032,0.00890199803744293,0.0971219489545969,0.0117537037406852,0.0447925748448662,0.0221524581334156,0.0562509258765834,0.0240171915385134,0.0204537444243629,0.0569071914015519,0.0370682980575893
"t__d__Bacteria;p__Firmicutes;c__Bacilli;o__Lactobacillales;f__Streptococcaceae;g__Streptococcus;s__Streptococcus sp001811505",0.028988778017782,0.0186754912852603,0.0300209537207255,0.0391104522744987,0.016644703403574,0.0291930645690086,0.0411184308467096,0.196784048153014,0.0997075234027019,0.0397250312373209,0.0408132197876722,0.0363993711464164,0.0214081726159115,0.0342647770630047,0.0402036793083831,0.0475371797887989
"t__d__Bacteria;p__Firmicutes;c__Bacilli;o__Lactobacillales;f__Streptococcaceae;g__Streptococcus;s__Streptococcus sp001813295",0.0382905456463868,0.0224068990300961,0.0867376304376973,0.0648576215900305,0.0170176654038473,0.0894924457563188,0.0170211854538155,0.245586179737716,0.0728869249826763,0.066146596945964,0.131575886996989,0.0577622353319777,0.0122049400316179,0.0563841696853738,0.0447241562955673,0.0682063388884049
"t__d__Bacteria;p__Firmicutes;c__Bacilli;o__Lactobacillales;f__Streptococcaceae;g__Streptococcus;s__Streptococcus sp001814775",0.0306564747980455,0.00990685600181092,0.240777184488711,0.0290309858137625,0.0122875048344052,0.0507777549384114,0.0352199106164864,0.182886233866077,0.0342427284480781,0.0617489133747558,0.0559474809640685,0.0808603880375596,0.0103476628759835,0.022414851278138,0.0545918629168673,0.0607797862168773
"t__d__Bacteria;p__Firmicutes;c__Bacilli;o__Lactobacillales;f__Streptococcaceae;g__Streptococcus;s__Streptococcus sp002355895",0,0.0105850855579301,0,0.0106004511158615,0.0221235616599759,0.0598855126804134,0.0192441415351655,0.199745885217273,0.0384455518359914,0.0255792180073988,0.0064477102833814,0.0165947968549027,0.0335478629671349,0.0336956860435404,0.0542537838834084,0.0353832831761585
"t__d__Bacteria;p__Firmicutes;c__Bacilli;o__Lactobacillales;f__Streptococcaceae;g__Streptococcus;s__Streptococcus sp003428885",0.00621403865612159,0.0151415906704226,0.0395807663855412,0,0.0362302253625847,0.041269120997665,0.00360827653784354,0.156306597172905,0.0493906283518775,0.00978989832872009,0.0325049512624126,0.0224406912015161,0.00851034284876473,0.00624949385078198,0.072036584162928,0.0332848803860057
"t__d__Bacteria;p__Firmicutes;c__Bacilli;o__Lactobacillales;f__Streptococcaceae;g__Streptococcus;s__Streptococcus sp003521145",0.0477837877916283,0.00811440691327799,0.0859852500985808,0.0398563131401484,0.033299503459967,0.0657392368392589,0.0198460434075179,0.147668154005977,0.0840114751634619,0.0440863049083668,0.0536572157799948,0.0287508590374238,0.0947512560855593,0.103287943309539,0.020227055715632,0.0584709870437556
"t__d__Bacteria;p__Firmicutes;c__Bacilli;o__Lactobacillales;f__Streptococcaceae;g__Streptococcus;s__Streptococcus sp003686955",0.0112277587342231,0.0222897904237408,0.0232054383940079,0.00961892786439281,0.0332355710435132,0,0.0183126816770255,0.204510964237703,0.0226772915543023,0.0293584538970655,0.0134424990150497,0.0909913792616698,0.015557970520398,0.0452233693293828,0.0420607411817847,0.0387808558089506
"t__d__Bacteria;p__Firmicutes;c__Bacilli;o__Lactobacillales;f__Streptococcaceae;g__Streptococcus;s__Streptococcus sp004166885",0.0501790235307662,0.00310265231146824,0.177759339303854,0.026107434910166,0.0112706078825924,0.139497416356299,0.0128125132897535,0.112612658948867,0.137457481248369,0.0507053322666784,0.0520921259978189,0.195111413690278,0.0182104540234258,0.0927768787000695,0.0555439519742893,0.075682618962313
"t__d__Bacteria;p__Firmicutes;c__Bacilli;o__Lactobacillales;f__Streptococcaceae;g__Streptococcus;s__Streptococcus sp013276795",0.0498309698659213,0,0,0,0.024137614835792,0.0232359785084542,0.0565640137514674,0.0878909901822896,0.0169775720698786,0.0283260718800229,0.0655591838420204,0,0,0.026973361181736,0.0376353240071499,0.0278087386749821
"t__d__Bacteria;p__Firmicutes;c__Bacilli;o__Lactobacillales;f__Streptococcaceae;g__Streptococcus;s__Streptococcus sp013394695",0.0146538534441929,0.020158661382659,0.0980940875041163,0.088566240170642,0.0779096195835856,0.110905610699934,0.0110468774004748,0.172217789336184,0.0332071964379438,0.0521891884574427,0.0345333880915694,0.0570392826649652,0.0127706720566918,0.0443983483985455,0.0675831346602759,0.0596849300192815
"t__d__Bacteria;p__Firmicutes;c__Bacilli;o__Lactobacillales;f__Streptococcaceae;g__Streptococcus;s__Streptococcus sp900550895",0.0657332756873004,0.0150420348382575,0.487237984103084,0.130232423808623,0.0510402063747264,0.0499340211999344,0.0164528770916039,0.243654026194524,0.215788554745031,0.0583164815950968,0.224149377637938,0.140752531079741,0.230360033006159,0.169584861484938,0.123387205469698,0.14811105962111
"t__d__Bacteria;p__Firmicutes;c__Bacilli;o__Lactobacillales;f__Streptococcaceae;g__Streptococcus;s__Streptococcus sp900555155",0.0266518360214582,0.0463830400126066,0.127306771200473,0.0594673294306405,0.0287905163185611,0.0783288308481485,0.0335870654527159,0.179387990601419,0.0711751002679841,0.092457112034776,0.0470784203583201,0.0627423179977046,0.0895069187537922,0.0388696250812918,0.0911882751453986,0.0715280766350194
"t__d__Bacteria;p__Firmicutes;c__Bacilli;o__Lactobacillales;f__Streptococcaceae;g__Streptococcus;s__Streptococcus sp900755085",0.0152243947074979,0.0188999782952746,0,0.0438901969284849,0.0324453768692231,0.0182254284807489,0.010702201248974,0.217286324484336,0.0374546820331421,0.0509904725374367,0.0197338510715901,0.128152057306312,0.0696845399758273,0.101553051617151,0.0150380820798143,0.0519520425090541
"t__d__Bacteria;p__Firmicutes;c__Bacilli;o__Lactobacillales;f__Streptococcaceae;g__Streptococcus;s__Streptococcus sp900766505",0.0280121243504695,0.0369127097684197,0.0154804181248677,0.0110291032374865,0.0475762502455295,0.0488306681509268,0.0615524881712238,0.171343048799748,0.0650846318967161,0.0516298052742907,0.189776973204523,0.0796130776680018,0.042190091368228,0.0584496244629035,0.0782016931476891,0.0657121805247349
"t__d__Bacteria;p__Firmicutes;c__Bacilli;o__Lactobacillales;f__Streptococcaceae;g__Streptococcus;s__Streptococcus sp901875575",0.0148919603015624,0.0170260998030831,0.0639881647639248,0.0276482830898077,0.0168724677021568,0.0432175791950758,0.00419816781569421,0.240272348624262,0.0173634259805576,0.00960535311884536,0.0705414621221158,0.0796516489753742,0.020212590635364,0.0271708763420152,0.12404697077837,0.051780493283214
"t__d__Bacteria;p__Firmicutes;c__Bacilli;o__Lactobacillales;f__Streptococcaceae;g__Streptococcus;s__Streptococcus sp902363395",0.0159209356418279,0.0387892577069818,0.00895652762938772,0.0405560081096494,0.0423633714162841,0.0131288754461349,0.0294301555901129,0.199463378106598,0.0306853257461771,0.0625758617442475,0.0996290546039576,0.105383876539997,0.0574034889427723,0.035929381730454,0.0834710678982317,0.0575791044568543
"t__d__Bacteria;p__Firmicutes;c__Bacilli;o__Lactobacillales;f__Streptococcaceae;g__Streptococcus;s__Streptococcus sp902373455",0.00776717666712232,0.0565737944427651,0.13647441421415,0.0646885266220178,0.0369775688287738,0.0297874068139493,0.0329226391605354,0.0576385392006966,0.060312760538989,0.0956632800313879,0.0276236624825979,0.0608995324498589,0.0447906988905948,0.0601199514219177,0.0602079046173686,0.0554965237588483
"t__d__Bacteria;p__Firmicutes;c__Bacilli;o__Lactobacillales;f__Streptococcaceae;g__Streptococcus;s__Streptococcus sp902460355",0.0247852267085124,0.0172346905879119,0.0262971042425169,0.00556523683582727,0.0360649596686037,0.0421589550096223,0.0296913207500619,0.211996719519026,0.00769400263656997,0.0639671530350173,0.0713358564650502,0.026843969685175,0.0391472055606845,0.0405783453841303,0.08330550771227,0.0484444169200653
"t__d__Bacteria;p__Firmicutes;c__Bacilli;o__Lactobacillales;f__Streptococcaceae;g__Streptococcus;s__Streptococcus sp902836505",0.048769646550611,0.0416395326195558,0.0563940611828821,0.0622615947472893,0.0131184108935164,0.0726296979371075,0.00786676531053763,0.15603934266656,0.0177321408370123,0.0817287534757601,0.0471010767325029,0.0281913666573129,0.021736648073455,0.0657893489850169,0.0604016409067294,0.0520933351717233
"t__d__Bacteria;p__Firmicutes;c__Bacilli;o__Lactobacillales;f__Streptococcaceae;g__Streptococcus;s__Streptococcus sp905221115",0.0402655582101551,0.0138720331785505,0.0431374708931586,0.0112869925131454,0.0186258345145264,0,0.0146586234349894,0.133987027549623,0.0638544998191499,0.0358037086351625,0.0545051313370113,0.0303409345389483,0.088941772906204,0.0376797687865768,0.0572642106431678,0.0429482377973579
"t__d__Bacteria;p__Firmicutes;c__Bacilli;o__Lactobacillales;f__Streptococcaceae;g__Streptococcus;s__Streptococcus sp905221155",0,0.00894505069679405,0.0375798111493688,0,0.00406758780725138,0.0178529788109729,0.00338275925422832,0.247346182373946,0.0169775720698786,0.0516179432701316,0.0135819823099006,0.0314160238328261,0.00623078672855988,0.054934062617582,0.00441630422524669,0.0332232696764458
"t__d__Bacteria;p__Firmicutes;c__Bacilli;o__Lactobacillales;f__Streptococcaceae;g__Streptococcus;s__Streptococcus sp905221165",0,0.0213792646249165,0.0215620109596371,0.0350417157577488,0.047580203464814,0.0126433839529731,0.0202295027674077,0.0805208770720056,0.0372145961194689,0.0461818138018682,0.0648855919062831,0.0323228326653628,0.00627457481222484,0.0382136636075456,0.00441630422524669,0.0312310890491669
"t__d__Bacteria;p__Firmicutes;c__Bacilli;o__Lactobacillales;f__Streptococcaceae;g__Streptococcus;s__Streptococcus sp905221195",0.0133394696484743,0.0361972167612995,0.0240499353011337,0.0845582984419794,0.0315903921226065,0.0573781715357887,0.0216454719034928,0.180384552060975,0.00564038939198624,0.039341377443591,0.0518611762931666,0.0424264496451582,0.0169205640169558,0.114922511775114,0.0112536490744876,0.0487673083610806
"t__d__Bacteria;p__Firmicutes;c__Bacilli;o__Lactobacillales;f__Streptococcaceae;g__Streptococcus;s__Streptococcus sp905221205",0.00688722617720143,0.00285797310064114,0.0185765017498412,0.00574550195981651,0,0.00998438466776765,0.0334319082461855,0.218682531924752,0.01978540129682,0.088462947720196,0.0421688143087686,0,0.021472249649191,0.0926616745158143,0.0252360241442668,0.0390635426307508
"t__d__Bacteria;p__Firmicutes;c__Bacilli;o__Lactobacillales;f__Streptococcaceae;g__Streptococcus;s__Streptococcus sp905221295",0,0.016544096686839,0.0926592584179141,0.0155995274943643,0.0154333668148211,0.0279087399503218,0,0.189127279521865,0,0,0.00601786293115598,0.0950822919229538,0.0731886713560301,0.023206170408813,0.0196525538023477,0.038294654620495
"t__d__Bacteria;p__Firmicutes;c__Bacilli;o__Lactobacillales;f__Streptococcaceae;g__Streptococcus;s__Streptococcus sp905221415",0.0264342615248639,0.00768019159786957,0.00796135789278908,0.020859069984558,0.017671400619834,0.0229853191037541,0.0184602131098467,0.109146286325487,0.0593895157743661,0,0.0573790702503405,0.0138604269185835,0.0114217759286053,0.0716452411983054,0.0231521403323538,0.0312030847041038
"t__d__Bacteria;p__Firmicutes;c__Bacilli;o__Lactobacillales;f__Streptococcaceae;g__Streptococcus;s__Streptococcus sp905371745",0.0224015611568375,0.0107262200320359,0.0330702558623547,0.0302197796314198,0.0346825001228587,0.00490461001223674,0.0106315290847176,0.196720197452984,0.00424439301746964,0.0286665001286299,0.00501488577596331,0.0521946997676693,0.0155313756989956,0.024279283610288,0.0763761345177439,0.0366442617248137
"t__d__Bacteria;p__Firmicutes;c__Bacilli;o__Lactobacillales;f__Streptococcaceae;g__Streptococcus;s__Streptococcus sp905372115",0.0151070184217712,0.00689990762294705,0.123446247876988,0.0329119096857001,0.0196481593916382,0.00588553201468409,0.0575983581922012,0.375745611536691,0.00607719909319517,0.120894597795455,0.00710442151594803,0.0395378862802422,0.0603896766970001,0.0694794511070009,0.0070660867603947,0.0631861375994571
"t__d__Bacteria;p__Firmicutes;c__Bacilli;o__Lactobacillales;f__Streptococcaceae;g__Streptococcus;s__Streptococcus sp905373305",0.0432521787286363,0.00219542515275588,0.00746377302448977,0.0156307577796383,0.0110728779197399,0.015890936439647,0.0132390629492375,0.177815899122808,0.0121910962485473,0.0264213945867008,0.0334513746287074,0.045651120397645,0.0606352270086044,0.0645349757289344,0.00847930411247364,0.0358616935885711
"t__d__Bacteria;p__Firmicutes;c__Bacilli;o__Lactobacillales;f__Streptococcaceae;g__Streptococcus;s__Streptococcus thermophilus",0.0423083411663204,0.026719718029771,0.112183350886462,0.132923186849327,0.0137486021336567,0.0450173133266015,0.0190347326289514,0.18969312424365,0.0430190362415657,0.164195505985127,0.126923170162531,0.0810450589565756,0.0498936644185361,0.0642952744586787,0.0600047410883641,0.0780669880384078
"t__d__Bacteria;p__Firmicutes;c__Bacilli;o__Lactobacillales;f__Streptococcaceae;g__Streptococcus;s__Streptococcus timonensis",0.00927011576353655,0.0031266523909865,0.119603770773392,0,0.00254224237953211,0.026647015603222,0.0193852878110313,0.301433003966042,0.0751699730534874,0.0522367004790604,0.0429182011637574,0.0538610285588959,0.0240364236511916,0.0366899544411361,0.0420661486364204,0.0539324345781128
"t__d__Bacteria;p__Firmicutes;c__Bacilli;o__Lactobacillales;f__Streptococcaceae;g__Streptococcus;s__Streptococcus xiaochunlingii",0.0215088702713255,0.0292605990456117,0.0568624211017051,0.0880611437796768,0.0243260446367278,0.0422472880932131,0.00394655246326637,0.294606401709716,0.0101203186700234,0.0227001325057053,0.0578732870702947,0.0599603083913813,0,0.120377405747402,0.202440199584657,0.0689527315380471
"t__d__Bacteria;p__Firmicutes;c__Bacilli;o__ML615J-28;f__CAG-313;g__UMGS75",0.105145074521517,0.0260528101104571,0.0763467009387098,0.142596833379724,0.0324026950145507,0.119622681480125,0.106238874064459,0.361744836058067,0.0343175161475539,0.103975540244975,0.168852384079672,0.204653777164625,0.072216442109568,0.0543166964382883,0.126858750806185,0.115689440837232
"t__d__Bacteria;p__Firmicutes;c__Bacilli;o__ML615J-28;f__CAG-313;g__UMGS75;s__UMGS75 sp900538885",0.0337965469286379,0.0149022798247672,0.0842261116753004,0.0231432850872609,0,0.0120385882118538,0,0.067165506563634,0.0287668359578148,0.0441948643552854,0.0577947459367119,0.0378632925770143,0.0271490475999866,0.0103116648537903,0.0297710861301924,0.0314082570468166
"t__d__Bacteria;p__Firmicutes;c__Bacilli;o__Paenibacillales;f__NBRC-103111;g__Paenibacillus_E",0.111570123278679,0.0146164334355257,0.085849396230297,0.0286249770380444,0.103574370297471,0.115253367084303,0.054578665547356,0.228125897448758,0.165460152225962,0.0604102698759746,0.187523038372991,0.0594053417170929,0.067239678632718,0.124448768641101,0.228615176130254,0.109019710397102
"t__d__Bacteria;p__Firmicutes;c__Bacilli;o__RF39;f__UBA660;g__CAG-1193",0.0224615363416139,0,0.051123407027273,0.0348873399388796,0.00338965650604282,0.0261776788115206,0.0111035361276232,0.133029098856038,0.064040515840207,0.0269222204039803,0.116461990399892,0.0487749339082635,0.0260972151488638,0.0572287841654548,0.0822540093238893,0.0469301281866361
"t__d__Bacteria;p__Firmicutes;c__Bacilli;o__RF39;f__UBA660;g__CAG-302;s__CAG-302 sp001916775",0.0437462964461084,0.0208518043978993,0.0756728721847269,0.0216455605778089,0.0617208599375635,0.00718175037506093,0.0348625715828299,0.170829196525182,0.055586485152866,0.00676777787933139,0.0657584723647432,0.113264241629895,0.0206212153643145,0.0642905311943072,0.0814058349832211,0.0562803647063906
"t__d__Bacteria;p__Firmicutes;c__Bacilli;o__RF39;f__UBA660;g__CAG-302;s__CAG-302 sp900554615",0.0238710127700136,0.00678924058426537,0,0,0.0141591781312932,0.00692704037610612,0.014370058308643,0.04969315076948,0,0.0083772522587685,0,0.0241974197295691,0,0.00667053325669928,0.0157623427648256,0.0113878152633109
"t__d__Bacteria;p__Firmicutes;c__Bacilli;o__RF39;f__UBA660;g__CAG-884",0.0524632273592732,0.0402201380388328,0.276523195163464,0.0311410352516622,0.153290691625574,0.177489550255047,0.071219275846705,0.252572959959869,0.0900487705986101,0.157452980929001,0.135441890546882,0.0586679123086527,0.119012491850448,0.0472271159063121,0.132077687159215,0.119656594853303
"t__d__Bacteria;p__Firmicutes;c__Bacilli;o__RF39;f__UBA660;g__Faecenecus",0.0216836054342337,0.0236897945993276,0.335071167601224,0.1942287056968,0.0748789531417823,0.0644976302607097,0.205011494481176,0.155352042871932,0.0434690914771816,0.243084382226325,0.266965910335183,0.0648651535113517,0.350027491099727,0.365498170537625,0.177021471017831,0.172356337619494
"t__d__Bacteria;p__Firmicutes;c__Bacilli;o__RF39;f__UBA660;g__Faecenecus;s__Faecenecus gallistercoris",0.0672080446913536,0.142651045704621,0.272421440398145,0.0555176261815488,0.129230440609393,0.217319914892826,0.248893434679231,0.374653041511427,0.0520191973745244,0.28783326227364,0.313788718193271,0.119843683437981,0.41039335462411,0.109542975656355,0.0782137766523799,0.191968663792054
"t__d__Bacteria;p__Firmicutes;c__Bacilli;o__RF39;f__UBA660;g__Faecimonas",0.0484668389721866,0.0353708340812053,0.0933475895998569,0.0724993122792305,0.0244445959668718,0.0631922585817957,0.0649941061175063,0.252247132531417,0.0186963352922628,0.0887508288435384,0.106797852938699,0.131680326127816,0.0531313947527081,0.120723467738997,0.108660939025348,0.085533587523296
"t__d__Bacteria;p__Firmicutes;c__Bacilli;o__RF39;f__UBA660;g__Faecimonas;s__Faecimonas intestinavium",0,0,0,0,0,0,0,0.0160447524040148,0,0,0.0198967905352532,0,0.0258212740404447,0,0,0.00411752113198085
"t__d__Bacteria;p__Firmicutes;c__Bacilli;o__RF39;f__UBA660;g__Faecimonas;s__Faecimonas sp905209745",0.0397676591888448,0.0160394684638897,0.151256353563076,0.139112272382467,0.0390280087077531,0.0362007053375337,0.015747322188222,0.130179718236886,0.0562825806812008,0.0349721426564531,0.0963026664736841,0.0519637434058026,0.0103924379018569,0.00656196854332108,0.0271145604599189,0.0567281072127273
"t__d__Bacteria;p__Firmicutes;c__Bacilli;o__RF39;f__UBA660;g__Onthocola_B",0.113243790789051,0.154172884515575,0.491924704776327,0.259488496408568,0.459440197323625,0.445968580340335,0.123417257602309,0.321299772274418,0.229489704811413,0.371147135713403,0.106711126339086,0.254855465588203,0.100728225713419,0.245456333793727,0.406505191070918,0.272256591137358
"t__d__Bacteria;p__Firmicutes;c__Bacilli;o__RF39;f__UBA660;g__Onthocola_B;s__Onthocola_B sp900546715",0.0775166727261562,0.108787736063231,0.543857044513711,0.228345220025374,0.263337475833254,0.266805273819545,0.17944409743355,0.0317056384198691,0.264589430523569,0.485421057559956,0.109940744592167,0.299389949741037,0.131686258674834,0.341053502987815,0.293836347943904,0.241714430057198
"t__d__Bacteria;p__Firmicutes;c__Bacilli;o__RF39;f__UBA660;g__RUG705",0.022860791926679,0.0246946183724633,0.173859041581823,0.0440474543000827,0.0553369212130505,0.0879522417161466,0.0077246704491089,0.231635635209818,0.0594216801795613,0.0720279353874447,0.126145989461484,0.0918233669223095,0.0275026561282923,0.121286535116415,0.0932218113674986,0.0826360899554785
"t__d__Bacteria;p__Firmicutes;c__Bacilli;o__RF39;f__UBA660;g__RUG705;s__RUG705 sp905188025",0.0178542901479392,0.0123901396094621,0.194964922905686,0.119690757023437,0.0441090437064308,0.038871319103193,0.0984119451730701,0.0895574823613034,0.0836976222187028,0.0580021260241083,0.0872272464320688,0.137376162642956,0.0963988232682292,0.0130164797263119,0.0524520041960863,0.076268024302599
"t__d__Bacteria;p__Firmicutes;c__Bacilli;o__RF39;f__UBA660;g__UBA5026",0.0806234830791766,0.0113260415469853,0.121011142572095,0.00961892786439281,0.0731137939100814,0.182413851516912,0.0454211222819314,0.185580790004536,0.0820896909506697,0.077027991122331,0.0443596810408262,0.0346793373979826,0.07540033177319,0.0659251379281833,0.132019302094282,0.0813740416722384
"t__d__Bacteria;p__Firmicutes;c__Bacilli;o__RF39;f__UBA660;g__UMGS1611",0.0774127239800907,0.0655071511794711,0.191809970536782,0.131348132114105,0.121601863115987,0.150148260479978,0.0495319656747068,0.195278756631862,0.0567139482890968,0.0127346375879145,0.0785842164834483,0.189523962411312,0.0855137698438867,0.243254590465117,0.113499038779318,0.117497532504872
"t__d__Bacteria;p__Firmicutes;c__Bacilli;o__RF39;f__UBA660;g__UMGS1611;s__UMGS1611 sp900553435",0.0375194071018201,0.0183206711422488,0.224481612392561,0.132773480036323,0.0919472998049752,0.140750811882187,0.0323466073316167,0.0703294980375983,0.0812575003586886,0.159135582270682,0.194089610647326,0.0827013075770745,0.0560819174646489,0.128568579759967,0.0548325324581728,0.100342427884393
"t__d__Bacteria;p__Firmicutes;c__Bacilli;o__RF39;f__UBA660;g__UMGS2016",0.0757230621342227,0.139509316153772,0.32137027938276,0.0985650818839668,0.0785027302500692,0.113916603706946,0.0325253308808656,0.414476547569255,0.108560005130332,0.0341914154266381,0.141529287916599,0.0852610486267413,0.162861948450939,0.0967427686163327,0.158009136023544,0.137449637476866
"t__d__Bacteria;p__Firmicutes;c__Bacilli;o__RF39;f__UBA660;g__UMGS2016;s__UMGS2016 sp018381595",0.0421191567543489,0.0867031805652407,0.222490798212976,0.0840550626109988,0.013278668445452,0.112157954429194,0.0399849809320202,0.200768575308882,0.0483708400329764,0.0668325030476141,0.0663746457992579,0.211805007713958,0.0332277908100298,0.166227679986716,0.0669980561040357,0.0974263267169134
"t__d__Bacteria;p__Firmicutes;c__Bacilli;o__RF39;f__UBA660;g__UMGS872;s__UMGS872 sp900546275",0.0201559461463576,0.0057653475518117,0.0563872982236794,0.0724838930879832,0.0265839557821814,0.0369569296071024,0.00587862984947281,0.339985256354989,0.0117145247282162,0.00680140304942659,0.00626860721995414,0.019674648827088,0,0.0240003920972273,0.0251238640369589,0.0438520464374966
"t__d__Bacteria;p__Firmicutes;c__Bacilli;o__RFN20;f__CAG-288;g__Enterosoma",0.0322715740874581,0.0164989444700274,0.0691501201482242,0.170099695699674,0.0517124850792724,0.0136125983698601,0.0445742712762518,0.191066910960041,0.0874013079875961,0.080226720732699,0.0920405495678707,0.0887352855880797,0.0825980370062125,0.0810485559607506,0.116165383753791,0.0811468293791872
"t__d__Bacteria;p__Firmicutes;c__Bacilli;o__Staphylococcales;f__Gemellaceae;g__Gemella",0.0816078749889945,0.0688772684090361,0.160011245206986,0.239168338523076,0.196586311268761,0.121011784865394,0.0651551557916954,0.175218363791875,0.457937285323573,0.201199152160107,0.18503862463229,0.270149274381589,0.215738673436901,0.306871626682584,0.46381030166288,0.213892085408383
"t__d__Bacteria;p__Firmicutes;c__Bacilli;o__Staphylococcales;f__Gemellaceae;g__Gemella;s__Gemella haemolysans_A",0.0411026812477625,0.0482040209458358,0.0990530599480657,0.126630348021476,0.0220058459626169,0.0714082829235273,0.0669383477516516,0.207765395953596,0.0754008439550435,0.0735061912295066,0.0915626928991119,0.0266734134643739,0.0207886945472999,0.0669024071752725,0.0388800295185813,0.0717881503695814
"t__d__Bacteria;p__Firmicutes;c__Bacilli;o__Staphylococcales;f__Gemellaceae;g__Gemella;s__Gemella haemolysans_B",0.0230980596877775,0.0210651043406927,0.129075580282362,0.0278399312568658,0.0547452449421153,0.0655858242314919,0.0145873477904866,0.231512582021735,0.0250454682573505,0.00478617251626316,0,0,0.06274144780932,0.034510685849894,0.172289113234557,0.0577921708147274
"t__d__Bacteria;p__Firmicutes;c__Bacilli;o__Staphylococcales;f__Gemellaceae;g__Gemella;s__Gemella haemolysans_C",0.0838473618190046,0.0574596186079307,0.0609988014189497,0.0118219292889506,0.0309863488185379,0.0233834521665926,0.045376118058084,0.203483176366473,0.0796433290617245,0.110706274952102,0.0619193436253497,0.0982575176333612,0.0534443178884769,0.0994829407392626,0.0489067254593034,0.0713144837269402
"t__d__Bacteria;p__Firmicutes;c__Bacilli;o__Staphylococcales;f__Gemellaceae;g__Gemella;s__Gemella morbillorum",0.436022183951816,0.393498759862186,0.822277713299267,0.533939590833115,0.53953384606233,0.73259090099061,0.379191348494949,0.287146856380283,0.444970363151191,0.436133554941503,0.844305968832033,0.619534206093426,0.415948439941347,0.723540622630521,0.668952725083146,0.551839138703181
"t__d__Bacteria;p__Firmicutes;c__Bacilli;o__Staphylococcales;f__Gemellaceae;g__Gemella;s__Gemella sanguinis",0.0346920941379724,0.0301613691207133,0.0430321811963343,0.0442061946286683,0.0708570373168427,0.0635366811038988,0.0510242705122033,0.229259725605281,0.0229564526185257,0.0264977689154856,0.0471001863011519,0.11234397184457,0.0549883209324583,0.0453135952102879,0.0488348980259445,0.0616536498313559
"t__d__Bacteria;p__Firmicutes;c__Bacilli;o__Staphylococcales;f__Gemellaceae;g__Gemella;s__Gemella sp002871655",0.0507059111918686,0.0389311213477806,0.0837983967754531,0.163572161984417,0.0348419982647807,0.0934878466540787,0.0612613600440731,0.267971289016964,0.0844597622186638,0.0315913683724557,0.155168926340342,0.192283065489523,0.074676782156655,0.168140949565116,0.151635279936402,0.110168414623905
"t__d__Bacteria;p__Firmicutes;c__Bacilli;o__Staphylococcales;f__Gemellaceae;g__Gemella;s__Gemella sp900555985",0.0496055898894436,0.00519895360641978,0.0509956388980869,0.041651621091709,0.0256340141548598,0.0610207911175517,0.0438271402778009,0.253475150113314,0.0127331790524089,0.066358615653395,0.0473038626642436,0.0495498152149813,0.0337446449142068,0.0737778183071414,0.0985916543404211,0.0608978992863989
"t__d__Bacteria;p__Fusobacteriota;c__Fusobacteriia;o__Fusobacteriales;f__Fusobacteriaceae;g__Cetobacterium_A",0.0262364848122089,0,0.072207509022582,0.0838024491165948,0.02058087351859,0.0256707688545422,0.00836735450825298,0.225620767313164,0.0185178829164512,0.0446210875214117,0.0658421909555705,0.0201970378897585,0.0459658417456782,0.0747017420812952,0.0697766331840558,0.0534739082293438
"t__d__Bacteria;p__Fusobacteriota;c__Fusobacteriia;o__Fusobacteriales;f__Fusobacteriaceae;g__Cetobacterium_A;s__Cetobacterium_A somerae",0.0387296814267052,0.00508084106780647,0.0966162658812565,0.0989483758003083,0,0.0141883361068277,0.00786287074125685,0.0461895734189891,0.0240510522894988,0.0405494940074265,0,0.00765623582169374,0.0291423253472503,0.0266806729884166,0.0468273416582063,0.0321682044370428
"t__d__Bacteria;p__Fusobacteriota;c__Fusobacteriia;o__Fusobacteriales;f__Fusobacteriaceae;g__Cetobacterium_A;s__Cetobacterium_A sp905216205",0.027762964387548,0.01286510251154,0.0772969279307607,0.0341579484078091,0.00480378993309213,0.0284915425626621,0.0109817112021325,0.131631391648737,0.0441167726587491,0.0769307719905567,0.0697071207669565,0.0646799556567627,0.00582115740150491,0.0632637803798388,0.0154570647883634,0.0445312001484676
"t__d__Bacteria;p__Fusobacteriota;c__Fusobacteriia;o__Fusobacteriales;f__Fusobacteriaceae;g__Fusobacterium",1,0.323787605403622,0.383493758853606,0.520187718390848,0.399457977118399,0.605266707377465,0.503209915933118,0.370754654052625,0.410498978229508,0.711328977815092,1,0.66103712108271,0.550377380554324,0.632132437710208,0.476277727663117,0.569854064012309
"t__d__Bacteria;p__Fusobacteriota;c__Fusobacteriia;o__Fusobacteriales;f__Fusobacteriaceae;g__Fusobacterium_A",0.127256476146084,0.0770904444433313,0.103639161168671,0.0765922696765539,0.117198125565374,0.290979179058053,0.111076383872656,0.313030437666926,0.197951751955955,0.176472965206918,0.166421727017837,0.287861987867241,0.0926880464220745,0.108734376957058,0.207991257695631,0.163665639381358
"t__d__Bacteria;p__Fusobacteriota;c__Fusobacteriia;o__Fusobacteriales;f__Fusobacteriaceae;g__Fusobacterium_A;s__Fusobacterium_A mortiferum",0.106978024625608,0.045963839615815,0.205041327532401,0.108811750448039,0.104823112156727,0.0945497480669689,0.0500700886427423,0.360383581793972,0.165327389834869,0.152458681715285,0.0721685833079055,0.188581374963443,0.264985799356252,0.0616818200806996,0.0839867551660441,0.137720791820451
"t__d__Bacteria;p__Fusobacteriota;c__Fusobacteriia;o__Fusobacteriales;f__Fusobacteriaceae;g__Fusobacterium_A;s__Fusobacterium_A necrogenes",0.0895030221371612,0.0651757414742857,0.118512870133839,0.168923423269035,0.0869776502553688,0.413115232587661,0.0705720424493264,0.0879826588553949,0.0869105246960182,0.18966808551084,0.220633059167708,0.287795425695023,0.421262360101794,0.262377973568953,0.0630857064238936,0.175499718421753
"t__d__Bacteria;p__Fusobacteriota;c__Fusobacteriia;o__Fusobacteriales;f__Fusobacteriaceae;g__Fusobacterium_A;s__Fusobacterium_A sp018205345",0.0562396606053566,0.00388809105251605,0.0685781380306244,0.148457339666692,0.0703976964536413,0.149025843591907,0.119687764249081,0.186700080284125,0.0695940181220004,0.0531937352039885,0.0916653993601679,0.0786608860896657,0.0374309659117884,0.0116240585624545,0.0329400452258541,0.0785389148273242
"t__d__Bacteria;p__Fusobacteriota;c__Fusobacteriia;o__Fusobacteriales;f__Fusobacteriaceae;g__Fusobacterium_A;s__Fusobacterium_A sp019012925",0.0559498432095702,0.0176417211925673,0.266211871470162,0.114029256939118,0.069571745873486,0.211076989437731,0.0812995814317944,0.0990599408900006,0.0618189138928819,0.164298995474782,0.171129316267911,0.0532948283609375,0.0923479393544953,0.131228728858367,0.180069469568445,0.11793527614815
"t__d__Bacteria;p__Fusobacteriota;c__Fusobacteriia;o__Fusobacteriales;f__Fusobacteriaceae;g__Fusobacterium_A;s__Fusobacterium_A sp900015295",0.0677427297785199,0.0338400841204003,0.0830914801185711,0.0863033193131606,0.0449993623286976,0.0617270366425034,0.110769419712582,0.293736864299542,0.186887369268336,0.0725708797612316,0.0232169720105574,0.0675196596597691,0.089790251264728,0.0367562895906311,0.0860504725108263,0.0896668126920037
"t__d__Bacteria;p__Fusobacteriota;c__Fusobacteriia;o__Fusobacteriales;f__Fusobacteriaceae;g__Fusobacterium_A;s__Fusobacterium_A sp900543175",0.0712896760048911,0.0397499596801496,0.0263827064460109,0.0299533542831817,0.0250443361456917,0.0582010405285757,0.126777815120061,0.223698183795071,0.0643712691813604,0.309494318458135,0.158447339095373,0.323331486651745,0.147381219632755,0.0932940773981426,0.0944002282654574,0.119454467379107
"t__d__Bacteria;p__Fusobacteriota;c__Fusobacteriia;o__Fusobacteriales;f__Fusobacteriaceae;g__Fusobacterium_A;s__Fusobacterium_A sp900549465",0.0424791304758784,0.0370393365519294,0.0143746739730914,0.0308983519562332,0.0280700030702464,0.0328608870819862,0.0493777626314441,0.135341046118847,0.0574817126805618,0,0.0677402365036442,0.0601633010914413,0.0144675828429,0.0192337363689949,0.0904096882681876,0.0453291633076924
"t__d__Bacteria;p__Fusobacteriota;c__Fusobacteriia;o__Fusobacteriales;f__Fusobacteriaceae;g__Fusobacterium_A;s__Fusobacterium_A sp900555485",0.0341306425418905,0.108151258630964,0.391115099852757,0.063172991191782,0.282688075951012,0.160000986727055,0.0803790542050511,0.322731255500843,0.0759988875926587,0.396561435695725,0.206241327218585,0.197700987095218,0.231625273616663,0.0280321217889743,0.2253693188711,0.186926581098685
"t__d__Bacteria;p__Fusobacteriota;c__Fusobacteriia;o__Fusobacteriales;f__Fusobacteriaceae;g__Fusobacterium_A;s__Fusobacterium_A sp900555845",0.00390520187957987,0.0258703356509974,0.0965271563559699,0,0.00484366814861187,0.163790066930148,0.0307216831502935,0.16968249362497,0.0175218435627442,0.0368703614640492,0.00724372389861368,0.0805923994132322,0.0263490257859503,0.00903662444170542,0.0486173872248615,0.0481047981021152
"t__d__Bacteria;p__Fusobacteriota;c__Fusobacteriia;o__Fusobacteriales;f__Fusobacteriaceae;g__Fusobacterium_A;s__Fusobacterium_A ulcerans",0.0640822971016334,0.0631978770085279,0.165178873235014,0.00562145134932048,0.150993384461422,0.184015570523639,0.0217060985223931,0.21749754050538,0.248869522386422,0.157323372731042,0.0795918565685642,0.058544311318584,0.103530633268413,0.0682264034465784,0.195391162139233,0.118918023637745
"t__d__Bacteria;p__Fusobacteriota;c__Fusobacteriia;o__Fusobacteriales;f__Fusobacteriaceae;g__Fusobacterium_A;s__Fusobacterium_A ulcerans_A",0.0375579257913618,0.0494544394415496,0.0251650900414357,0.0859390411337278,0.0511662929603122,0.134943669843541,0.0967350147528255,0.158551979949164,0.0389328189937135,0.0779509194967918,0.0413885904804195,0.120743251215019,0.0329172166466802,0.0735087916343371,0.146589922581879,0.0781029976641839
"t__d__Bacteria;p__Fusobacteriota;c__Fusobacteriia;o__Fusobacteriales;f__Fusobacteriaceae;g__Fusobacterium_A;s__Fusobacterium_A varium",0.0553640904111663,0.0392816343059013,0.166957195581215,0.142912174546936,0.242530370380585,0.0391603624239441,0.0158764167665116,0.192060353553953,0.082224969467286,0.0982431822743596,0.0958127124827233,0.129374563002518,0.0112676548486745,0.098059737067577,0.188940074228608,0.106537699422797
"t__d__Bacteria;p__Fusobacteriota;c__Fusobacteriia;o__Fusobacteriales;f__Fusobacteriaceae;g__Fusobacterium_A;s__Fusobacterium_A varium_A",0.0733670406339385,0.0662239764569378,0.0985906339291956,0.147738639988317,0.188570440113377,0.240025349792908,0.0545570385892276,0.0818285250756252,0.0832145382745269,0.0904375670909071,0.0218704740785067,0.138154425562113,0.108506676695037,0.109373991506953,0.0537772312141816,0.103749103266783
"t__d__Bacteria;p__Fusobacteriota;c__Fusobacteriia;o__Fusobacteriales;f__Fusobacteriaceae;g__Fusobacterium_B;s__Fusobacterium_B sp900542625",0.0250673981453073,0.0710299889996819,0.194611018837245,0.137377556385337,0.154034111674675,0.0564756089313248,0.0368082004796374,0.374451046109095,0.194940979757478,0.13331877840065,0.0118252595022574,0.162708184717006,0.0640886031642341,0.0448192557656213,0.0744140187129277,0.115731333972165
"t__d__Bacteria;p__Fusobacteriota;c__Fusobacteriia;o__Fusobacteriales;f__Fusobacteriaceae;g__Fusobacterium_C",0.0807484587948043,0.048028530786909,0.0616838065454736,0.106308653425257,0.100602607246525,0.13232027602742,0.0515871343720109,0.319766007618005,0.254923580812677,0.191076064992394,0.239056872885475,0.184128672281888,0.108104754378539,0.266687792609709,0.172842947780543,0.154524410703842
"t__d__Bacteria;p__Fusobacteriota;c__Fusobacteriia;o__Fusobacteriales;f__Fusobacteriaceae;g__Fusobacterium_C;s__Fusobacterium_C necrophorum",0.055387100970019,0.0751689491880706,0.204359912058164,0.156802437384071,0.0903250886235457,0.125776679224944,0.0541627987720866,0.100615243352298,0.0275645787898345,0.178325463081986,0.346711322455779,0.130872457305579,0.178806297737028,0.11583459876536,0.231834174960678,0.13816980684463
"t__d__Bacteria;p__Fusobacteriota;c__Fusobacteriia;o__Fusobacteriales;f__Fusobacteriaceae;g__Fusobacterium;s__Fusobacterium animalis",0.355291734256365,0.322349906008892,0.856066871048153,0.96703150329087,0.543317413642898,0.331332879610707,0.371712291248389,0.633917346792228,0.409813017645996,0.868489063557107,0.346821844229273,0.785026211492094,0.471676075019407,0.708054813589393,0.897890997114037,0.591252797903054
"t__d__Bacteria;p__Fusobacteriota;c__Fusobacteriia;o__Fusobacteriales;f__Fusobacteriaceae;g__Fusobacterium;s__Fusobacterium canifelinum",0.343412553647788,0.200882764512179,0.350806536514931,0.340789266368549,0.280906375594727,0.135368913760807,0.189074437850422,0.49826807240234,0.329453409434612,0.225252344384538,0.390251112977868,0.595771799213625,0.241661406656156,0.288496818965918,0.321879646314174,0.315485030573242
"t__d__Bacteria;p__Fusobacteriota;c__Fusobacteriia;o__Fusobacteriales;f__Fusobacteriaceae;g__Fusobacterium;s__Fusobacterium hwasookii",0.188151982303614,0.158804487654428,0.511187526112964,0.311557118435514,0.310420083988095,0.237522736620531,0.189294773744286,0.236131234791629,0.362017516756014,0.278779179075422,0.378741473708942,0.615578647017348,0.176898729116069,0.472649577534414,0.109035537590332,0.302451373629973
"t__d__Bacteria;p__Fusobacteriota;c__Fusobacteriia;o__Fusobacteriales;f__Fusobacteriaceae;g__Fusobacterium;s__Fusobacterium nucleatum",0.680475983860663,0.245655212090702,0.441860581295601,1,0.420795809564802,1,0.647299691932404,0.16137116514346,0.529214504809205,0.666801752669696,0.526311592042413,0.341559252701123,0.58662309030428,0.365413745642144,0.847047965812332,0.564028689857922
"t__d__Bacteria;p__Fusobacteriota;c__Fusobacteriia;o__Fusobacteriales;f__Fusobacteriaceae;g__Fusobacterium;s__Fusobacterium nucleatum_D",0.268172483840508,0.149447662233989,0.61091722428152,0.280166578311949,0.312320916500021,0.288181400240572,0.259838060115976,0.49987275669112,0.296825132041288,0.254419683723587,0.41191244898159,0.592466774602599,0.172757371324502,0.322101151711634,0.302599066499137,0.334799914073333
"t__d__Bacteria;p__Fusobacteriota;c__Fusobacteriia;o__Fusobacteriales;f__Fusobacteriaceae;g__Fusobacterium;s__Fusobacterium nucleatum_E",0.342587975813873,0.286480554980062,0.76663142228985,0.84615347498346,0.622176024588704,0.681960908841537,0.396963477023057,0.218743919289703,0.555968192138742,0.62818166337253,0.668723397183846,0.99055764610059,0.631461747324141,0.690172378877263,0.557085075310702,0.592256523874537
"t__d__Bacteria;p__Fusobacteriota;c__Fusobacteriia;o__Fusobacteriales;f__Fusobacteriaceae;g__Fusobacterium;s__Fusobacterium nucleatum_J",0.377224551493836,0.314558743716134,0.642191195392306,0.765199666560417,0.407473323274793,0.332260530476199,0.420448687573124,0.493792774930963,0.138480226280219,0.236901722109549,0.26325147768194,0.954795585670091,0.262194452391178,0.326933856260648,0.537117641055731,0.431521628991142
"t__d__Bacteria;p__Fusobacteriota;c__Fusobacteriia;o__Fusobacteriales;f__Fusobacteriaceae;g__Fusobacterium;s__Fusobacterium periodonticum",0.0413358934842552,0.0406352912410318,0.18776396328501,0.091245123019204,0.04937222710164,0.110252465996139,0.114352128849727,0.265411685022201,0.165823564969997,0.0367974300723138,0.37767775848324,0.0805897620160211,0,0.1331463326105,0.202595124642165,0.12646658338623
"t__d__Bacteria;p__Fusobacteriota;c__Fusobacteriia;o__Fusobacteriales;f__Fusobacteriaceae;g__Fusobacterium;s__Fusobacterium periodonticum_B",0.0652970803341636,0.0592993022093362,0.0941241958860324,0.0311735884395014,0,0.137248182704589,0.111171226289976,0.1971055902486,0.122689181310253,0.0742094406397129,0.0856383227291012,0.0617186538100638,0.0236234356711217,0.192786619032411,0.0549247047627182,0.0874006349378387
"t__d__Bacteria;p__Fusobacteriota;c__Fusobacteriia;o__Fusobacteriales;f__Fusobacteriaceae;g__Fusobacterium;s__Fusobacterium periodonticum_D",0.1166281182382,0.196048139895385,0.136309504783768,0.319727673535763,0.160069081934608,0.354896823447724,0.191042432328247,0.155901846612396,0.131884342132725,0.181238838695134,0.478077408711744,0.404711022908852,0.223155222719199,0.301332785489714,0.108154451498316,0.230611846195452
"t__d__Bacteria;p__Fusobacteriota;c__Fusobacteriia;o__Fusobacteriales;f__Fusobacteriaceae;g__Fusobacterium;s__Fusobacterium polymorphum",0.128059374356835,0.248318768801734,0.951119744403869,0.456185397438963,0.205287557949124,0.156434768922123,0.266620232740599,0.30430017449069,0.522742780260984,0.327988904755427,0.370858003112555,0.638341821059579,0.339801246436922,0.33381132254406,0.767370707011517,0.401149386952332
"t__d__Bacteria;p__Fusobacteriota;c__Fusobacteriia;o__Fusobacteriales;f__Fusobacteriaceae;g__Fusobacterium;s__Fusobacterium pseudoperiodonticum",0.00806118352707152,0.0652109458675545,0.0915252622469782,0.0275244548204486,0.026747852949232,0.059178578534011,0.100634872330965,0.322611369485768,0.0224157006235115,0.0203913147504255,0.122920019642981,0.100774703822638,0.00570131301716159,0.231328113571598,0.117697399069732,0.0881815389506717
"t__d__Bacteria;p__Fusobacteriota;c__Fusobacteriia;o__Fusobacteriales;f__Fusobacteriaceae;g__Fusobacterium;s__Fusobacterium sp000235465",0.470999106545427,0.466700977278157,0.699478077176263,0.888025154533564,0.375873968510392,0.6767938598882,0.685220642477187,0.485431418704966,0.579732619061494,0.822364242014783,0.658003609411177,0.523777318103686,0.414442189757195,0.578687147908896,0.829046507851033,0.610305122614828
"t__d__Bacteria;p__Fusobacteriota;c__Fusobacteriia;o__Fusobacteriales;f__Fusobacteriaceae;g__Fusobacterium;s__Fusobacterium vincentii",0.690330965509053,0.531775366939453,0.592134367174633,0.52844304226121,0.385779089083364,0.42961783565217,0.503938602904841,0.150320877514654,0.372211842735109,0.834304844249954,0.722121020570075,0.988797661209845,0.437762136356635,0.748230563094088,0.819223110589379,0.582332755056298
"t__d__Bacteria;p__Fusobacteriota;c__Fusobacteriia;o__Fusobacteriales;f__Leptotrichiaceae;g__Leptotrichia",0.0884281716637801,0.0296151480937705,0.0972303840004315,0.196020681332984,0.116625446188906,0.24519170046013,0.163174498539786,0.221419927965534,0.089979778355964,0.213733085075003,0.190974757146319,0.307119162027427,0.0385828233376625,0.114376167214032,0.181075172897258,0.152903126953266
"t__d__Bacteria;p__Fusobacteriota;c__Fusobacteriia;o__Fusobacteriales;f__Leptotrichiaceae;g__Leptotrichia_A",0.03506292040589,0.0618422545924332,0.162454970884692,0.0833524990288606,0.105408604656875,0.0498917600858359,0.0704434034861017,0.325625729874864,0.0741705370459013,0.13130070364573,0.0900687619142076,0.0658741024270553,0.0459488457277956,0.0554716475910351,0.0790559173133182,0.0957315105787064
"t__d__Bacteria;p__Fusobacteriota;c__Fusobacteriia;o__Fusobacteriales;f__Leptotrichiaceae;g__Leptotrichia;s__Leptotrichia trevisanii",0.0190337887079021,0.0434333946474683,0.0513132019646485,0.0107182339060377,0.0746551880603413,0.0377437900881879,0.110393032104611,0.108205552810231,0.0556052628618074,0.0141409373410054,0.14404898012806,0.158887186190603,0.0730867780342167,0.0127821309705555,0.153046474684262,0.0711395954999959
"t__d__Bacteria;p__Myxococcota;c__Myxococcia;o__Myxococcales;f__Myxococcaceae;g__Corallococcus;s__Corallococcus aberystwythensis",0.0115777351803529,0,0.00924086183984447,0,0.0378175707822029,0.0572660991104083,0.0145781672151587,0.0409219326330319,0.0168734084374124,0.0315483800062659,0.00669722993584844,0.030333543006932,0.0207522895068433,0.0112490889314076,0.0321408807504064,0.0213998124890743
"t__d__Bacteria;p__Patescibacteria;c__Saccharimonadia;o__Saccharimonadales;f__Nanogingivalaceae;g__Nanogingivalis",0.123760643724418,0.0863877886268082,0.24649432382993,0.00549653020822446,0.0293749216435368,0.0816514019646154,0.0466093532542234,0.16285133602505,0.0968528116604825,0.12528028154426,0.141586417131135,0.298007403043622,0.180103313365437,0.121497358339122,0.0137396131452119,0.117312899833738
"t__d__Bacteria;p__Patescibacteria;c__Saccharimonadia;o__Saccharimonadales;f__Nanosyncoccaceae;g__UBA2834",0.0602337406985297,0.0748492741548867,0.304572092881233,0.167604171520326,0.0474984627170324,0.0439763091512458,0.15496167904464,0.238462365453033,0.186302990021536,0.150734447076058,0.0595069254309226,0.0224406912015161,0.111826887846211,0.206434460361125,0.16211920180878,0.132768246624472
"t__d__Bacteria;p__Patescibacteria;c__Saccharimonadia;o__Saccharimonadales;f__UBA10027;g__SDRW01",0.0140644408250218,0.0439664661435695,0.0617847676498429,0.0384863795009887,0.0334653569630386,0.0448536061610501,0.0574050182089507,0.139226923222967,0.0631188297202345,0.110126464412521,0.12125346852527,0.0670161732613905,0.0124150325196656,0.0380403973525859,0.0503415351221836,0.0597043239726187
"t__d__Bacteria;p__Patescibacteria;c__Saccharimonadia;o__Saccharimonadales;f__UBA10027;g__SDRW01;s__SDRW01 sp007845485",0.0396367907420943,0.0249304798952542,0.0174391649080142,0.0306405133482513,0.0416238351741212,0.0153037713353519,0.00414802811454423,0.101979625036534,0.0385680479565896,0.0830578122146353,0.0522872668382692,0.159838942201277,0.0791871811176872,0.038637272481666,0.146364258304895,0.0582428659779457
"t__d__Bacteria;p__Proteobacteria;c__Alphaproteobacteria;o__Caulobacterales;f__Caulobacteraceae;g__Caulobacter",0.0560167440653809,0.00629355210456686,0.117073149645675,0.0498730513897049,0.0286130522682544,0.0320901626514918,0.0418286557223723,0.322891235874153,0.0385097594507122,0.164295910442775,0.0522425115033999,0.0616151616932496,0.0164451069541347,0.0998266676420969,0.074395625311825,0.0774673564479862
"t__d__Bacteria;p__Proteobacteria;c__Alphaproteobacteria;o__HIMB59;f__GCA-002718135;g__AG-337-I02",0.0445084793108933,0.0246315106738092,0.0452747670408048,0.07127216119635,0.074126350266839,0.0340597873345539,0.0785162021164108,0.333832155091941,0.0429163784797082,0.0599077015718492,0.0186506690354155,0.0731182521588624,0.0693046586141148,0.116628591903058,0.0700689534873688,0.0771211078854653
"t__d__Bacteria;p__Proteobacteria;c__Alphaproteobacteria;o__RF32;f__CAG-239;g__51-20;s__51-20 sp900539605",0,0.016661411943192,0.108906407771428,0.0105920380594203,0.0158890148720757,0.00588553201468409,0.0170720054862223,0.0311690803955672,0,0,0.0128954205667628,0.00765623582169374,0.00559647546032898,0.00830324908488211,0.00406299988722696,0.016312658090899
"t__d__Bacteria;p__Proteobacteria;c__Alphaproteobacteria;o__RF32;f__CAG-239;g__CAZU01",0.00815592573615958,0.0197507123641523,0.0446213007990083,0.0437066263735906,0.00839868433553002,0.0215994083095829,0.0589169117994357,0.224176422202793,0.0442794953245269,0.0102938967982357,0.0811340461902254,0.102683977474409,0.0185991356508033,0.0611853279745547,0.090687864289049,0.0558793157081371
"t__d__Bacteria;p__Proteobacteria;c__Alphaproteobacteria;o__RF32;f__CAG-239;g__RUG410;s__RUG410 sp900553115",0.0646949551544189,0.0765396199571256,0.361147450034402,0.117184557778511,0.0890658068825765,0.137037422509941,0.058281038618738,0.0932099834970737,0.292380106055315,0.0956212125149228,0.118013758324523,0.172265871754333,0.177940335747254,0.0765231446450228,0.0864171976801018,0.134421497410284
"t__d__Bacteria;p__Proteobacteria;c__Alphaproteobacteria;o__RF32;f__CAG-239;g__Scatocola",0.00428678608741142,0.0188151323907549,0.0825624813857117,0.0570010832391969,0.02420038064377,0.0476843903114237,0.00654000122484141,0.0790784086786815,0,0.012500588492339,0.0286427129896366,0.0671421825932415,0.0393803109042871,0.0276688604148008,0.023553622534649,0.0346037961260497
"t__d__Bacteria;p__Proteobacteria;c__Alphaproteobacteria;o__RF32;f__CAG-977;g__UBA11549;s__UBA11549 sp900550445",0.0288385116758605,0.00557685428959358,0.0755281798750088,0.0285509816533329,0.0566005732923393,0.01272510731931,0.0129360095436177,0.0316336879783701,0.0162930787108255,0.00699977730503488,0.0069629760197029,0.00660020329456357,0.0114889628458324,0.00734940476851961,0.0144533592826255,0.0215025111903025
"t__d__Bacteria;p__Proteobacteria;c__Alphaproteobacteria;o__Rhizobiales;f__Beijerinckiaceae;g__Methylobacterium",0.0733584643927252,0.0232940688601639,0.087868848255708,0.0562830756575518,0.0214094385996603,0.089970009876558,0.0401137631279155,0.309619306402252,0.0903342480351603,0.048405923749331,0.090713585398733,0.15872531628427,0.0651852181731643,0.112549233094627,0.121880015907956,0.0926473677210517
"t__d__Bacteria;p__Proteobacteria;c__Alphaproteobacteria;o__Rhizobiales;f__Xanthobacteraceae;g__Bradyrhizobium",0.0536766337537324,0.0108119874244383,0.0298550920979591,0.0502523029900328,0.0230502145100045,0.107900861308616,0.111325049170004,0.195127836506946,0.0376629169203606,0.0645189342552542,0.0621471919297559,0.187892707794573,0.118904401714057,0.145127181309523,0.103955633280311,0.0868139296643712
"t__d__Bacteria;p__Proteobacteria;c__Alphaproteobacteria;o__Rhizobiales;f__Xanthobacteraceae;g__Bradyrhizobium;s__Bradyrhizobium sp003020115",0.0301403908573532,0.00305791360562426,0.0811899700893611,0.0254817886184339,0.0227215360788986,0.0333325446059347,0.0310577313550367,0.125036364094324,0.102516123291607,0.0248959450314167,0.0468254442397888,0.0261687181173465,0,0.0294443939972417,0.0731903479743078,0.043670614130445
"t__d__Bacteria;p__Proteobacteria;c__Alphaproteobacteria;o__Rickettsiales;f__Rickettsiaceae;g__JAGOJE01",0.042114035556074,0.00800739104753231,0.0614395696972011,0.076177919104965,0.0494555070599923,0.110494899115445,0.0518294567649272,0.347289083564449,0.0616740553940613,0.0465665558276226,0.0402792254173591,0,0.00510620570925884,0.0591924670486769,0.0206814246780121,0.0653538530657051
"t__d__Bacteria;p__Proteobacteria;c__Alphaproteobacteria;o__Rickettsiales;f__Rickettsiaceae;g__JAGOJE01;s__JAGOJE01 sp017995275",0.0348104669739496,0.0397362517414831,0.0640693678711899,0.0419061143886381,0.0374371846778414,0.0151342251806162,0.0220543468838745,0.484520045774131,0.0688233263123421,0.113739588138127,0.0578458962546141,0.0242523332092653,0.0774995648872531,0.0266228438043312,0.0473305531439079,0.0770521406161043
"t__d__Bacteria;p__Proteobacteria;c__Alphaproteobacteria;o__Sphingomonadales;f__Sphingomonadaceae;g__Sphingobium",0.112478325874632,0.0692923014531883,0.0888044784321338,0.199385991205656,0.0348514871628334,0.134339181511466,0.127316466551737,0.167303916513598,0.0801441899441745,0.0776974672082664,0.105286291468472,0.272349336485013,0.0415062987573906,0.288122163513014,0.289361534924538,0.139215962067074
"t__d__Bacteria;p__Proteobacteria;c__Gammaproteobacteria;o__Burkholderiales;f__Burkholderiaceae;g__Aphodousia;s__Aphodousia secunda_A",0.0406770386594388,0.0231740266333726,0.144930281595002,0.0169106640995534,0.0289518090920209,0.0202315163004765,0.0373970843134381,0.0442057527650902,0.0309542429105506,0,0.0257667953576274,0.0133654116714912,0.0116295033668208,0.0190572800720316,0.091063050744708,0.0365542971721082
"t__d__Bacteria;p__Proteobacteria;c__Gammaproteobacteria;o__Burkholderiales;f__Burkholderiaceae;g__Aphodousia;s__Aphodousia sp900544345",0.0346649909117291,0.0191036531692515,0.0833942107350642,0.0388013212780274,0.031169856386468,0.0438960148142098,0.0170540671571172,0.144511833172219,0.00318329476310223,0.0752383988628395,0.0910614848958339,0.0767179165185493,0.0329251004147219,0.0189688073887704,0.020257571304268,0.0487299014514781
"t__d__Bacteria;p__Proteobacteria;c__Gammaproteobacteria;o__Burkholderiales;f__Burkholderiaceae;g__Aphodousia;s__Aphodousia sp900553105",0.0267212596721596,0.00688927602414437,0.039463627485808,0.0410135976011906,0.0115006202883596,0.0818016141411156,0,0.146215658798479,0.0119182923410463,0.0391543948478874,0.0150446573278899,0.0331975402702791,0.0893706296627825,0.0185881860931862,0,0.0373919569702885
"t__d__Bacteria;p__Proteobacteria;c__Gammaproteobacteria;o__Burkholderiales;f__Burkholderiaceae;g__Aphodousia;s__Aphodousia sp902388655",0.0197294670602517,0.00677417348240036,0.0338969056562353,0,0.0247131027239509,0.0778283194362589,0.0379701479612527,0.160100248859784,0,0.0201628275377617,0.0588962637855815,0.0743514276929708,0.0165049073430589,0.0429029937993892,0.102643742895512,0.0450983018822938
"t__d__Bacteria;p__Proteobacteria;c__Gammaproteobacteria;o__Burkholderiales;f__Burkholderiaceae;g__Aphodousia;s__Aphodousia sp905212345",0.022109977386535,0.00401449170789647,0.0367426419186624,0.0176419881512841,0.0241542070324509,0.0210186064688987,0.0279663400819464,0.207244093023931,0.0168222893985077,0,0.0294267421666574,0.0271839951959824,0.0155668354608655,0.00724941286690709,0,0.0304761080573684
"t__d__Bacteria;p__Proteobacteria;c__Gammaproteobacteria;o__Burkholderiales;f__Burkholderiaceae;g__Duodenibacillus;s__Duodenibacillus sp900542805",0.0244065711004568,0.0281063708047318,0.0768225801666119,0.0209285559889889,0.00381336356929817,0.031889655669905,0.0673216008216056,0.0451280700857978,0.0183727745111538,0.0185271194177929,0.0597552150074047,0.0284299383798667,0.0521604322925511,0.0744547018218112,0.0185749085328016,0.0379127905447185
"t__d__Bacteria;p__Proteobacteria;c__Gammaproteobacteria;o__Burkholderiales;f__Burkholderiaceae;g__Duodenibacillus;s__Duodenibacillus sp900544255",0.0116515869745993,0.0300892978680658,0.0744697421910701,0.0331381660416835,0.0754086414842489,0.0345969934265179,0.0861885046087435,0.225530106388285,0.0494684610010236,0.0102560839634211,0.118032754065169,0.0625727153367729,0.0430267769833979,0.103647847863424,0.0583898625567651,0.0677645027168792
"t__d__Bacteria;p__Proteobacteria;c__Gammaproteobacteria;o__Burkholderiales;f__Burkholderiaceae;g__Duodenibacillus;s__Duodenibacillus sp900544335",0.070528297864849,0.0512429990781559,0.111461734686696,0.0323318185918066,0.039992955735723,0.186293697932417,0.0305540998758237,0.0928417794138332,0.0518974063319392,0.0725398322493972,0.0632149384312243,0.0387896084057152,0.0881960908490678,0.105930383898844,0.0443643992518211,0.0720120028398209
"t__d__Bacteria;p__Proteobacteria;c__Gammaproteobacteria;o__Burkholderiales;f__Burkholderiaceae;g__Mesosutterella",0.00289988470619007,0.0551876819425143,0.196495504728764,0.0981154649696866,0.0116402190126145,0.0681371251126347,0.0676857283528819,0.126961339888509,0.0474423460426181,0.0878023760159181,0.0569257103025537,0.0852024473351109,0.0271333265052688,0.0740059353667786,0.0388685975348958,0.0696335791877959
"t__d__Bacteria;p__Proteobacteria;c__Gammaproteobacteria;o__Burkholderiales;f__Burkholderiaceae;g__Paraburkholderia",0.142237328137409,0.0313542424939984,0.179206449840116,0.0613848811905004,0.0445605224592467,0.115318740672566,0.0115217288884619,0.169264891938373,0.118044218355421,0.147952740299752,0.180586431530911,0.0278491797711913,0.0932487222185677,0.161812151482173,0.112401503197071,0.106449582165051
"t__d__Bacteria;p__Proteobacteria;c__Gammaproteobacteria;o__Burkholderiales;f__Burkholderiaceae;g__Parasutterella;s__Parasutterella excrementihominis",0.0304531967447916,0.00574247821521348,0.0607414726282429,0.0128710463423643,0.0473413184402358,0.0436437101666435,0.0316625220153131,0.185169006238341,0.0534740518290367,0.0528301201053352,0.0452212864366825,0.0491627814934883,0.0338016504076305,0.0660098197057326,0.0749366544603116,0.0528707410152909
"t__d__Bacteria;p__Proteobacteria;c__Gammaproteobacteria;o__Burkholderiales;f__Burkholderiaceae;g__Rubrivivax",0.0323500138484203,0.00552826737933316,0.218329188878121,0.0366393720419732,0,0.0608211183551504,0.0270175640436393,0.253091316352774,0.0259121977074932,0.0397423253582566,0.0913737120010292,0.0662819890097605,0.0589808453721008,0.0174162076638608,0.155721292469525,0.0726136940320958
"t__d__Bacteria;p__Proteobacteria;c__Gammaproteobacteria;o__Burkholderiales;f__Burkholderiaceae;g__Sutterella",0.145832733608204,0.0563054349935939,0.536947364433383,0.0621424830282395,0.110965599523821,0.0934246521625295,0.0820640886681612,0.265651663272515,0.0894493311621068,0.0624428142933751,0.0632767327399396,0.124960892661687,0.121100217179452,0.042808259446685,0.236094333643899,0.139564440054506
"t__d__Bacteria;p__Proteobacteria;c__Gammaproteobacteria;o__Burkholderiales;f__Burkholderiaceae;g__Sutterella;s__Sutterella merdavium",0.0182202533779327,0.0223798689382865,0.036032392199647,0.0749484101576599,0.0728892815370871,0,0.0457813257254482,0.309770901657161,0.016750670556366,0.013300037088462,0.0644359789291316,0.177223394656347,0.146735661921785,0.0592094903119801,0.0415529909760824,0.0732820438688918
"t__d__Bacteria;p__Proteobacteria;c__Gammaproteobacteria;o__Burkholderiales;f__Burkholderiaceae;g__Sutterella;s__Sutterella sp017936545",0.0792345872587591,0.0478714140612802,1,0.0775637675200437,0.10005886806956,0.203605377649236,0.127145564083635,0.298418822631718,0.1214836291394,0.232548866041423,0.188106798319162,0.334261547952709,0.126247657865081,0.177936985905433,0.161203402021612,0.218379152567937
"t__d__Bacteria;p__Proteobacteria;c__Gammaproteobacteria;o__Burkholderiales;f__Burkholderiaceae;g__Sutterella;s__Sutterella sp905186105",0.0247146398934347,0.104484737485351,0.155566406597424,0.00549201003535586,0.0714258281670159,0.0783331309236306,0.0480152435135932,0.160424538589208,0.0426474517822612,0.0586662104003099,0.0673686726448219,0.0751245441696486,0.0487387170809353,0.145476430910019,0.0715534176875384,0.0772021319920365
"t__d__Bacteria;p__Proteobacteria;c__Gammaproteobacteria;o__Burkholderiales;f__Burkholderiaceae;g__Sutterella;s__Sutterella sp905198475",0.0166801791214242,0.0174065851397073,0.11064761303232,0.0308214234780175,0.0555145462592837,0.0624745881456887,0.00797662984639024,0.39435238153264,0.0618265251473326,0.0682304050961305,0.0598766429826304,0.0538842194414611,0.0190840041147578,0.011836162596178,0.0303479367273362,0.0667306561774198
"t__d__Bacteria;p__Proteobacteria;c__Gammaproteobacteria;o__Burkholderiales;f__Burkholderiaceae;g__Sutterella;s__Sutterella sp905206365",0.0582932173439875,0.123103245714317,0.0387642306922706,0.137317968939956,0.0488013868581404,0.0657373973291327,0.094169183773692,0.381514633263206,0.0865319645107077,0.0105124860625066,0.0969787700331883,0.101105977274237,0.114189680873137,0.0495225991610999,0.0648838148065803,0.0980951037757439
"t__d__Bacteria;p__Proteobacteria;c__Gammaproteobacteria;o__Burkholderiales;f__Burkholderiaceae;g__Sutterella;s__Sutterella sp905215795",0.0718531955089589,0.0998616232315337,0.453912835594935,0.158097260073428,0.0364203459179184,0.0189941856890444,0.10316779307739,0.432311478082288,0.0544802565130678,0.154143369280681,0.16332844416632,0.143271199498615,0.055467950415539,0.0665695922731606,0.113932928154038,0.141720830498461
"t__d__Bacteria;p__Proteobacteria;c__Gammaproteobacteria;o__Burkholderiales;f__Burkholderiaceae;g__Sutterella;s__Sutterella wadsworthensis_A",0.140659761768011,0.0656420590726425,0.645618787443284,0.132703744870552,0.147611999427101,0.21367963611277,0.0503702112425935,0.311455519459189,0.122126734254755,0.0752398341199212,0.199935971100837,0.174351671672486,0.0962145479698984,0.0640506887356413,0.142066039757702,0.172115147133826
"t__d__Bacteria;p__Proteobacteria;c__Gammaproteobacteria;o__Burkholderiales;f__Neisseriaceae;g__Eikenella",0.0230195025292348,0.0122612732868733,0.0199033947319727,0.0405075269527363,0.0241567347473917,0.0201096468755617,0.0375438669748783,0.13836696560865,0,0.0970340630162502,0.0810467719060656,0.00742522870638401,0.057360549489822,0.0376194093832046,0.0761677672748336,0.0448348467655906
"t__d__Bacteria;p__Proteobacteria;c__Gammaproteobacteria;o__Burkholderiales;f__Neisseriaceae;g__Neisseria",0.00867705761436615,0.0165184632887642,0.0306123333075795,0.0616950979335125,0.0381481252303041,0.0497414588422342,0.119027364574286,0.246385576355738,0.027647772247052,0.0241744070921255,0.0313478581053245,0.113484844454541,0.0381569839594307,0.0509136325136319,0.094964279124935,0.063433016976255
"t__d__Bacteria;p__Proteobacteria;c__Gammaproteobacteria;o__Enterobacterales;f__Aeromonadaceae;g__Aeromonas",0.0714603096804103,0.0244162635963847,0.140808971028639,0.0588536640627237,0.0438894736819287,0.0604705435531383,0.115136674545145,0.0590811169836102,0.106212646805006,0.112550180571262,0.135472276809061,0.0880485269676996,0.206258391395292,0.136897369731426,0.211285795184272,0.104722813639733
"t__d__Bacteria;p__Proteobacteria;c__Gammaproteobacteria;o__Enterobacterales;f__Aeromonadaceae;g__Aeromonas;s__Aeromonas allosaccharophila",0.0149809256353557,0.00608217206742331,0.00967526132804228,0.0551879431593605,0.00481375245371145,0.0617456451372733,0.0356097652559126,0.0828313458223763,0.0585763750944418,0.00656992672715621,0,0.0499218839771673,0.043969179199653,0.014146405641514,0.020804709306245,0.0309943527203755
"t__d__Bacteria;p__Proteobacteria;c__Gammaproteobacteria;o__Enterobacterales;f__Aeromonadaceae;g__Aeromonas;s__Aeromonas dhakensis",0.034266147605183,0.0247202720832749,0.0829894095538367,0.0332558782061278,0.00890844100494378,0.0133842081862168,0.0272562412759018,0.129256586168615,0.018506985472088,0.0604416196830834,0.00705218312244841,0.0153854428350913,0.0171272406679822,0.0602271535778328,0.0389887181632377,0.0381177685070576
"t__d__Bacteria;p__Proteobacteria;c__Gammaproteobacteria;o__Enterobacterales;f__Aeromonadaceae;g__Aeromonas;s__Aeromonas finlandensis",0.00407796286807979,0,0.0322713534013582,0.0441537179374056,0.0351533118173383,0.0600824019234163,0,0,0.00618973981714322,0.00642879046587797,0.0145497672842093,0.00774023840907909,0.00592684591253258,0.0187026519307735,0.0273243051422048,0.0175067391272946
"t__d__Bacteria;p__Proteobacteria;c__Gammaproteobacteria;o__Enterobacterales;f__Aeromonadaceae;g__Aeromonas;s__Aeromonas fluvialis",0,0,0.00976392949115643,0.0153777557274068,0.00449099960426056,0,0,0.121944762800467,0.0121203379420681,0.00665832475356974,0,0.0127835516442073,0,0,0,0.0122093107975424
"t__d__Bacteria;p__Proteobacteria;c__Gammaproteobacteria;o__Enterobacterales;f__Aeromonadaceae;g__Aeromonas;s__Aeromonas hydrophila",0.0124493235693588,0.00411642216141728,0.0153422001058956,0.0482104128404943,0.0147093226523707,0.0321504971397376,0,0.139364040304874,0.00618973981714322,0.0275046847252691,0.0769506168339423,0.022795584362637,0.0356887490690673,0.0156683738687462,0.00802964404590307,0.0306113074331238
"t__d__Bacteria;p__Proteobacteria;c__Gammaproteobacteria;o__Enterobacterales;f__Aeromonadaceae;g__Aeromonas;s__Aeromonas jandaei",0.0133445129262242,0.0150996815955495,0.0635303468783017,0,0.00482303212475057,0,0.00442833938735343,0.145978499641036,0,0.0130609675322052,0,0.00738378907382686,0.00568265414580978,0.025283867176398,0.0250457596411814,0.0215774300081758
"t__d__Bacteria;p__Proteobacteria;c__Gammaproteobacteria;o__Enterobacterales;f__Aeromonadaceae;g__Aeromonas;s__Aeromonas media",0,0.0320023645452164,0.0188551763783124,0.0518231041470358,0.0224985901372495,0.0442438383894906,0.0225109275371838,0.05251791277957,0.0757982987784743,0.0256714549754331,0.0478328374121927,0.00750587028799053,0.00558491249450185,0.0185127863556879,0,0.0283572049478893
"t__d__Bacteria;p__Proteobacteria;c__Gammaproteobacteria;o__Enterobacterales;f__Aeromonadaceae;g__Aeromonas;s__Aeromonas veronii",0.0202098881278648,0,0.0417968309336412,0,0.0138076678405162,0.0199987975601,0.00779714012499435,0.152891059735133,0,0.00478617251626316,0.00729437931049208,0,0,0.0136433755365773,0.00823505354475174,0.0193640243486889
"t__d__Bacteria;p__Proteobacteria;c__Gammaproteobacteria;o__Enterobacterales;f__Enterobacteriaceae;g__Citrobacter;s__Citrobacter europaeus",0,0.0335373649378395,0.0609073808715255,0.0536671396721039,0.0347634197766713,0.0562123992120485,0.00441011576847543,0.166094733457945,0.0346557596994902,0.0661524549280487,0.0464115763750118,0.0359656854520229,0.023835126891649,0.0980988197033043,0.134591733073207,0.0566202473212895
"t__d__Bacteria;p__Proteobacteria;c__Gammaproteobacteria;o__Enterobacterales;f__Enterobacteriaceae;g__Klebsiella;s__Klebsiella africana",0.0196066428380323,0.00814840489388241,0.0414529059751115,0.0182697168852915,0.0487241913225613,0.0066212235165196,0.0142627557301487,0.125726097904114,0.0394122208765038,0.019788982519165,0.0487387192132796,0.0637932985512505,0.0734258254141781,0.0507984651753483,0.068035086722197,0.0431203025025056
"t__d__Bacteria;p__Proteobacteria;c__Gammaproteobacteria;o__Enterobacterales;f__Enterobacteriaceae;g__Morganella;s__Morganella morganii",0.041633545198247,0.00317315288564537,0.08544789572541,0.0612531892739498,0,0.0372020242848625,0.0101417296417902,0.0652857715709986,0.0656147830720285,0.0266834532003974,0,0.070816932600946,0.0313434967306902,0.090092623019552,0.0822773110287701,0.0447310605488858
"t__d__Bacteria;p__Proteobacteria;c__Gammaproteobacteria;o__Enterobacterales;f__Enterobacteriaceae;g__Providencia;s__Providencia rettgeri_E",0,0.0119151710563206,0.0468321994673195,0,0.00242668590773519,0,0.0491914020440167,0.147248898079675,0.0062701260485347,0.0066270080994413,0.0216714706746986,0.0280958653879944,0,0.0188649317483232,0.0162519995489078,0.0236930505375311
"t__d__Bacteria;p__Proteobacteria;c__Gammaproteobacteria;o__Enterobacterales;f__Pasteurellaceae;g__Aggregatibacter",0.0336662803044945,0.00615563437061168,0.103815159141268,0,0.0642239296063383,0.0215452511251828,0.0603469782835713,0.246232775484095,0.0242962785685517,0.0296558612449998,0.104349192066433,0.0245376700768175,0.0404573801764628,0.0591368835433073,0.0609344832983441,0.0586235838193652
"t__d__Bacteria;p__Proteobacteria;c__Gammaproteobacteria;o__Enterobacterales;f__Pasteurellaceae;g__Aggregatibacter;s__Aggregatibacter aphrophilus",0.038702428565983,0.0564010668950485,0.00829308113832196,0.0336890696569212,0.000747718346921216,0.00685919560907949,0.0042450312209924,0.106769269126457,0.0203072252128935,0.0305314786600071,0.10007836677591,0,0.0171751474237073,0.0308471964420185,0.014473356480441,0.0312746421036468
"t__d__Bacteria;p__Proteobacteria;c__Gammaproteobacteria;o__Enterobacterales;f__Pasteurellaceae;g__Aggregatibacter;s__Aggregatibacter kilianii",0.00817953146271558,0.00828772995165345,0.0340076461076291,0.0223063628004065,0.00406758780725138,0,0.00102735651424712,0.0471004237012999,0.0199736141998571,0,0.0792670845170451,0.105062270039337,0.0297033720349292,0.0479987154856507,0.00662445633787003,0.0275737433973261
"t__d__Bacteria;p__Proteobacteria;c__Gammaproteobacteria;o__Enterobacterales;f__Pasteurellaceae;g__Aggregatibacter;s__Aggregatibacter segnis",0.0572881583342796,0.00320869830018167,0,0.0387756327956513,0.0113448933964084,0.0274723730337827,0.0200697194272306,0.0994841349878483,0.0646399602564952,0.0458425586323331,0.0252816076400085,0.0564979962056108,0.0324164570324514,0.0261944596959272,0.0684213378097392,0.0384625325031965
"t__d__Bacteria;p__Proteobacteria;c__Gammaproteobacteria;o__Enterobacterales;f__Pasteurellaceae;g__Aggregatibacter;s__Aggregatibacter segnis_A",0.0187773214346466,0.0139788469398986,0,0.0147228487720298,0.0201049932389683,0.0277110465691376,0.0346816038026877,0.217345250828828,0.0158615032623022,0.00957234503252632,0.00501488577596331,0.0492959755557896,0.0285996617850315,0.0247301399523801,0.0539303622423112,0.0356217856795
"t__d__Bacteria;p__Proteobacteria;c__Gammaproteobacteria;o__Enterobacterales;f__Pasteurellaceae;g__Aggregatibacter;s__Aggregatibacter sp000466335",0.0509780944225808,0.0330250029789401,0,0.0194876980109776,0.0306786263180431,0.0230656934406401,0.0366061022746789,0.211877348533758,0.0205086712608012,0.0533216124937299,0.0301247305157796,0.0272216076905269,0,0.0257122032717887,0.00866595546086143,0.0380848897782071
"t__d__Bacteria;p__Proteobacteria;c__Gammaproteobacteria;o__Enterobacterales;f__Pasteurellaceae;g__Haemophilus",0.0560943980619319,0.0244237440486459,0.0435677556113506,0.00549653020822446,0.0459513907397496,0.098081043710193,0.0260684414909805,0.368079635211884,0.0752396689754107,0.0298387479752295,0.0232473436811066,0.0545275947258786,0.0210463018213859,0.00705825187853023,0,0.0585813898760334
"t__d__Bacteria;p__Proteobacteria;c__Gammaproteobacteria;o__Enterobacterales;f__Pasteurellaceae;g__Haemophilus_A",0.0184645795843952,0.0500265252278955,0.0621259637998573,0,0.0527553470361214,0.0430956250260736,0.0627173670645691,0.235945491912473,0.028043725052163,0.0327680508156113,0.0166316047346257,0.0406078659812625,0.0528577671019498,0.0223740382570717,0.0666090767244471,0.0523348685545677
"t__d__Bacteria;p__Proteobacteria;c__Gammaproteobacteria;o__Enterobacterales;f__Pasteurellaceae;g__Haemophilus_A;s__Haemophilus_A parahaemolyticus",0.0383031330119235,0.0434773229730764,0.0179029940720242,0.0197116564000668,0.0514204393955751,0.034682625792252,0.050214403800447,0.185161985467172,0.0683944488059905,0.10309023945039,0.129772690434713,0.0198006098836907,0.0395305876562298,0.0569777223060751,0.106740796943504,0.064345443759542
"t__d__Bacteria;p__Proteobacteria;c__Gammaproteobacteria;o__Enterobacterales;f__Pasteurellaceae;g__Haemophilus_A;s__Haemophilus_A parahaemolyticus_A",0.00700115021923032,0.0169184822856632,0.0327196952641979,0.0180354897457365,0.00495068252856253,0.0566632923074668,0.0118337351922252,0.113251047342926,0.0318908257176242,0.0687047971852701,0.07353900860672,0,0.0139260155707059,0.0101241800382668,0.0510731257731018,0.0340421018518465
"t__d__Bacteria;p__Proteobacteria;c__Gammaproteobacteria;o__Enterobacterales;f__Pasteurellaceae;g__Haemophilus_A;s__Haemophilus_A sputorum",0.0450069897828176,0.00606211770304717,0.0185642459649077,0.016913955089279,0.0572730063718495,0.0427330843577268,0.022154984992199,0.376421641981076,0.0383177086218069,0.0951845400602537,0.0551149910191767,0.0153835507557905,0.0436348487882119,0.00374969631046918,0.0662472426838375,0.0601841736321633
"t__d__Bacteria;p__Proteobacteria;c__Gammaproteobacteria;o__Enterobacterales;f__Pasteurellaceae;g__Haemophilus_D",0.08900074561832,0.012874548044466,0.122228849597037,0,0.121912646371236,0.0151357342003473,0.0492068076876869,0.292727429520888,0.093399764200902,0.116054491899655,0.124079504638946,0.0627619088915554,0.090053212222012,0.0886059554711966,0.132036467233693,0.0940052043731961
"t__d__Bacteria;p__Proteobacteria;c__Gammaproteobacteria;o__Enterobacterales;f__Pasteurellaceae;g__Haemophilus_D;s__Haemophilus_D parainfluenzae",0.0644715561274694,0.0204181832977569,0.0735516455666834,0.0320250026018631,0.0603363495603335,0.00674383876682553,0.0541215583784059,0.214980268772632,0.0736463112832669,0.0592590143205377,0.142773624877787,0.013640420142098,0.0727936120675282,0.0598506914256395,0.0814041358101655,0.0686677475332661
"t__d__Bacteria;p__Proteobacteria;c__Gammaproteobacteria;o__Enterobacterales;f__Pasteurellaceae;g__Haemophilus_D;s__Haemophilus_D parainfluenzae_A",0.0532353551846483,0,0.121321079210274,0.115415534429069,0.0707990973282228,0.00490461001223674,0.0195461736114359,0.43277666947701,0.0294837426455692,0.0221430452159573,0.0704110309704033,0.0895385271300313,0.0339138375686902,0.0931717277494447,0.118349765896967,0.0850006797619973
"t__d__Bacteria;p__Proteobacteria;c__Gammaproteobacteria;o__Enterobacterales;f__Pasteurellaceae;g__Haemophilus_D;s__Haemophilus_D parainfluenzae_J",0.0412794818294452,0.00629162629302935,0.0953776548655373,0.040699647562051,0.00483026052111101,0.0244433003048872,0.0490623930200601,0.20624730994855,0.00618468696831291,0.0570335252611727,0.0731585115152849,0.0682791030822601,0.0688312626109054,0.0192210418016538,0.0951648597361099,0.0570736443546914
"t__d__Bacteria;p__Proteobacteria;c__Gammaproteobacteria;o__Enterobacterales;f__Pasteurellaceae;g__Haemophilus_D;s__Haemophilus_D parainfluenzae_K",0.0299102393981319,0.0312068258596642,0.0296287133966157,0.0536735960463746,0.051377299480759,0.0319214200256721,0.00601379422973923,0.104874074363366,0.0554611388954215,0.0195840763944145,0.0832318230134234,0.0510136475961194,0.02730923131065,0,0.109885086097582,0.0456727310738623
"t__d__Bacteria;p__Proteobacteria;c__Gammaproteobacteria;o__Enterobacterales;f__Pasteurellaceae;g__Haemophilus_D;s__Haemophilus_D parainfluenzae_L",0.0506489930227294,0.0427061545471181,0.164155314520782,0.0132075224565507,0.0654709117849344,0.0263495482706587,0.0746586884739056,0.246156644983921,0.0580525460286679,0.104160456199638,0.155042328560716,0.0113917716953771,0.0996247412307888,0.0329151204268697,0.0677279547275956,0.0808179131286835
"t__d__Bacteria;p__Proteobacteria;c__Gammaproteobacteria;o__Enterobacterales;f__Pasteurellaceae;g__Haemophilus_D;s__Haemophilus_D parainfluenzae_M",0.0485960058606128,0.081252080653863,0.0623330560282952,0.034664693591524,0.0529873871136474,0.0581327778859723,0.0154729914035999,0.137745074289635,0.0222701755086666,0.0598824333191887,0.10311883193691,0.0410852533440141,0.0374770610877463,0.041246659415161,0.015241911505595,0.0541004261962954
"t__d__Bacteria;p__Proteobacteria;c__Gammaproteobacteria;o__Enterobacterales;f__Pasteurellaceae;g__Haemophilus_D;s__Haemophilus_D parainfluenzae_N",0.074208735719399,0.0959667460323035,0.0805328229773116,0.00556523683582727,0.0611319767886928,0.0521337924426183,0.0520577271148147,0.274003264855165,0.0322119112932964,0.0765215606728355,0.0474568231659579,0.00792024395347628,0.0393235437938114,0.142054313932406,0.0586758112512384,0.0733176340552769
"t__d__Bacteria;p__Proteobacteria;c__Gammaproteobacteria;o__Enterobacterales;f__Pasteurellaceae;g__Haemophilus_D;s__Haemophilus_D pittmaniae",0.0665496003036714,0.0742235468790279,0.0667780063139434,0.0965699366542189,0.0277566645256188,0.0706289601268457,0.00428232410558652,0.192601791154773,0.0597047694174797,0.0909701090503256,0.207601250869479,0.0574144351034868,0.065702392621521,0.0650518866272878,0.123997314325354,0.0846555325385746
"t__d__Bacteria;p__Proteobacteria;c__Gammaproteobacteria;o__Enterobacterales;f__Pasteurellaceae;g__Haemophilus_D;s__Haemophilus_D sp001679485",0.0651654135764549,0.0324985508903568,0.0438370494281114,0.0952327481058928,0.0625053320380668,0.0257029659230097,0.0431822711396005,0.129318721272253,0.039416859968482,0.0708145187799891,0.165261939512139,0.0483465071587122,0.0973003717481899,0.0455116280138491,0.10702213609458,0.0714078009099792
"t__d__Bacteria;p__Proteobacteria;c__Gammaproteobacteria;o__Enterobacterales;f__Pasteurellaceae;g__Haemophilus_D;s__Haemophilus_D sp001815355",0.118055729857954,0.0104631475352832,0.209682290570906,0.140415892938379,0.0559296567187501,0.0703403768125794,0.00850546733409831,0.329273200817002,0.0105048727182374,0.155624938881245,0.0748771023912112,0.0620697012985588,0.0639966809017611,0.049244494376862,0.282325260655528,0.109420587587224
"t__d__Bacteria;p__Proteobacteria;c__Gammaproteobacteria;o__Enterobacterales;f__Pasteurellaceae;g__Haemophilus_D;s__Haemophilus_D sp015255025",0.0985816596390178,0.0502570604043159,0.0970127062421796,0.0317295802168574,0.0349121595955716,0.0476126754445649,0.0353336897108031,0.248897562826638,0.0316914678637733,0.107614331338767,0.115429410117134,0.0641678987812024,0.0174940480689021,0.146166385728973,0.100946243675237,0.0818564586435958
"t__d__Bacteria;p__Proteobacteria;c__Gammaproteobacteria;o__Enterobacterales;f__Pasteurellaceae;g__Haemophilus_D;s__Haemophilus_D sp900755445",0.102402073637264,0.0239039981513158,0.086923004068803,0.0751511397698595,0.129742046990525,0.0354538193866855,0.0424230881148581,0.0732126473025003,0.0654788017227895,0.134359045112951,0.0638548395819819,0.135719623866389,0.00510620570925884,0.0293856764293748,0.161632374920576,0.0776498923176755
"t__d__Bacteria;p__Proteobacteria;c__Gammaproteobacteria;o__Enterobacterales;f__Pasteurellaceae;g__Haemophilus_D;s__Haemophilus_D sp900756155",0.0315116890965717,0.0464319626371415,0.0932806151936554,0.127327939863612,0.0723209417771463,0.0680564372145756,0.0309491634775225,0.137934768810393,0.0161438520128756,0.083749584347838,0.0795017581639805,0.0249765587831116,0.0436766406504156,0.0278548868777711,0.0381344364846698,0.0614567490260854
"t__d__Bacteria;p__Proteobacteria;c__Gammaproteobacteria;o__Enterobacterales;f__Pasteurellaceae;g__Haemophilus_D;s__Haemophilus_D sp900756875",0.179200758781602,0.0550062837626998,0.0786071775931857,0.11547087086642,0.0733968690869541,0.0655522639582862,0.0420600006588266,0.160726788350534,0.0625303348321056,0.079781205805488,0.0940366468773162,0.113182207693835,0.159360179418035,0.0838271567875008,0.107087087540256,0.0979883888008696
"t__d__Bacteria;p__Proteobacteria;c__Gammaproteobacteria;o__Enterobacterales;f__Pasteurellaceae;g__Haemophilus_D;s__Haemophilus_D sp900764435",0.0885030713258025,0.0106968587230021,0.074307864788874,0.0156217174339011,0.0242647257271034,0.0680496376443906,0.0456278738984352,0.235940161507989,0.0883534867471723,0.0861964143434241,0.0717223569834727,0.0353110876259151,0.0453235386778049,0.00642805081794717,0.0208415499942536,0.0611458930826325
"t__d__Bacteria;p__Proteobacteria;c__Gammaproteobacteria;o__Enterobacterales;f__Pasteurellaceae;g__Haemophilus_D;s__Haemophilus_D sp905205995",0.0588083044720375,0.0421335959867305,0.10082074516718,0.0782466294912771,0.0741728462854667,0.0795360235243105,0,0.0779189905060639,0.035401696391072,0.107302728912839,0.0112834929959175,0.0663522104524265,0.090510481369662,0.052942355172331,0.118363662597742,0.0662529175550038
"t__d__Bacteria;p__Proteobacteria;c__Gammaproteobacteria;o__Enterobacterales;f__Pasteurellaceae;g__Haemophilus_D;s__Haemophilus_D sp905207935",0.0495967569839853,0.0286340382461102,0.28175707414038,0.0586879418346966,0.00954239832775842,0.049570588297813,0.0211173484878156,0.198128414147095,0.0315491518806188,0.054314882707733,0.0277360977977711,0.0321536760879539,0.0694470683413661,0.0654265985455986,0.00746381240407188,0.0656750565487178
"t__d__Bacteria;p__Proteobacteria;c__Gammaproteobacteria;o__Enterobacterales;f__Pasteurellaceae;g__Haemophilus_D;s__Haemophilus_D sp905214375",0.0707533475982437,0.072638960725006,0.124815427694983,0.0512017197726787,0.048437004053898,0.0312919166406789,0.0276793676003365,0.314449830128364,0.0055707658354289,0.0762002634056869,0.0930350761224041,0.0163685041705176,0.079616362202898,0.115114653302794,0.0215908206567616,0.0765842679940453
"t__d__Bacteria;p__Proteobacteria;c__Gammaproteobacteria;o__Enterobacterales;f__Pasteurellaceae;g__Haemophilus_D;s__Haemophilus_D sp905215245",0.0447454011994076,0,0.0667617783859354,0.0253777377577653,0.0351464437936536,0.0543830666438093,0.0221013155678886,0.227894176156924,0.0437898359229041,0.099725732531419,0.180525536240519,0.0477695403274465,0.0764252969226742,0.0758888860573116,0.0932800880265245,0.0729209890356121
"t__d__Bacteria;p__Proteobacteria;c__Gammaproteobacteria;o__Enterobacterales;f__Pasteurellaceae;g__Haemophilus;s__Haemophilus haemolyticus",0.0703515763323264,0.0181463880693335,0.00942792382040813,0.0208259603496619,0.0179016234225386,0.00367845750917755,0.0171253895595921,0.0892575565792238,0.0275703643577635,0.03182804723315,0.0473387924541364,0.00396012197673814,0.00203768772435212,0.0348721756873634,0.0894345996694196,0.0322504443163457
"t__d__Bacteria;p__Proteobacteria;c__Gammaproteobacteria;o__Enterobacterales;f__Pasteurellaceae;g__Haemophilus;s__Haemophilus haemolyticus_I",0.0835786360727107,0.00911945832683212,0.0309876336207605,0.0148735011780692,0,0.0530312892081481,0,0.119514492105259,0,0.0908179513295618,0,0.0448450110468141,0.00510620570925884,0.0550093217550535,0.0413410965078436,0.0365483064573541
"t__d__Bacteria;p__Proteobacteria;c__Gammaproteobacteria;o__Enterobacterales;f__Pasteurellaceae;g__Haemophilus;s__Haemophilus influenzae_D",0.00289988470619007,0.00879531565073054,0.054622606749457,0.0239402443971855,0.016294088319384,0,0.0207728069856979,0.0918690130027375,0.00302413002494713,0.00574340701951579,0.00601786293115598,0.0238836321976379,0.0565192088680479,0.0168736333971113,0.0870047366110607,0.0278840380573906
"t__d__Bacteria;p__Proteobacteria;c__Gammaproteobacteria;o__Enterobacterales;f__Pasteurellaceae;g__Haemophilus;s__Haemophilus influenzae_F",0.00579976941238015,0.0215362763542457,0.0119420368391836,0.0329641381984923,0.0196176370287228,0.0127519860318155,0.0289672585773529,0.0568282546149973,0.0109141534734934,0.0951362452816303,0.0107461838056357,0.010057452639335,0,0.0180082817611884,0.0370393438403143,0.0248206011905858
"t__d__Bacteria;p__Proteobacteria;c__Gammaproteobacteria;o__Enterobacterales;f__Pasteurellaceae;g__Haemophilus;s__Haemophilus quentini",0.0148289558839265,0.0303369242596842,0,0.050556001179734,0.0151406247165084,0.0499048843512982,0.0280274783081099,0.0595971120315672,0.00733294686500336,0.0512594094195821,0.0206046393838493,0,0.0160149179063118,0.0496508932825288,0.0750220884135404,0.0312184584001096
"t__d__Bacteria;p__Proteobacteria;c__Gammaproteobacteria;o__Enterobacterales;f__Pasteurellaceae;g__Haemophilus;s__Haemophilus seminalis",0.0109635962547684,0.061961615806891,0.0672120998020066,0.020051220952613,0.0247723459433347,0.0542799663090429,0,0.216289261157767,0.0239389784317527,0.141547832783354,0.0846429424376959,0.0493500803232948,0.0741539110501902,0.0340139118651894,0.116521119468551,0.0653132588390967
"t__d__Bacteria;p__Proteobacteria;c__Gammaproteobacteria;o__Enterobacterales;f__Pasteurellaceae;g__Haemophilus;s__Haemophilus sp001276515",0.0412163264348185,0.0174406839684225,0.0497843715969902,0.00883370926321789,0.0116943149458477,0.055848555897568,0.0183582633851693,0.0924417033630689,0.00614705195633534,0.0742707430443532,0.049598707612874,0.0939737882332525,0.033215895769712,0.0219892905063943,0.0835549028474173,0.0438912205883628
"t__d__Bacteria;p__Proteobacteria;c__Gammaproteobacteria;o__Enterobacterales;f__Pasteurellaceae;g__Rodentibacter",0.0924167317563205,0.0897432545500021,0.0196269586940286,0.0959456227581032,0.045081188835259,0.113777713993074,0.0412398751518379,0.315845287149471,0.0764960461569409,0.182221069222241,0.326649463114041,0.0948735317452652,0.0672234156289683,0.0800857551561511,0.213181786699211,0.123627180040728
"t__d__Bacteria;p__Proteobacteria;c__Gammaproteobacteria;o__Enterobacterales;f__Succinivibrionaceae;g__Succinatimonas",0.0795955558720366,0.0545242317563147,0.0785371138927135,0.18323634275179,0.0775584263480216,0.126377583130197,0.15920816528067,0.230763223600357,0.202004986212126,0.141628063213362,0.127103652302152,0.134569180173085,0.135358709921375,0.057914625447501,0.353470849194483,0.142790047273079
"t__d__Bacteria;p__Proteobacteria;c__Gammaproteobacteria;o__Enterobacterales;f__Succinivibrionaceae;g__Succinatimonas;s__Succinatimonas hippei",0.0728636991702573,0.0874443421424836,0.13461885626702,0.23667634076988,0.186571979378735,0.137785690620915,0.135219152965044,0.188605182468768,0.184081298781613,0.159292790087028,0.40561554798508,0.21717060692265,0.287080741589704,0.146870063148657,0.250287451564024,0.188678916257457
"t__d__Bacteria;p__Proteobacteria;c__Gammaproteobacteria;o__Enterobacterales;f__Succinivibrionaceae;g__Succinatimonas;s__Succinatimonas sp905203285",0.0214623335122969,0.0212380612632484,0.0708296374718535,0.0440121071484227,0.0467328880688649,0.0853477061156732,0.0411838901153097,0.0303515839797944,0.0447477904526542,0,0.0358837524570218,0.114883708276353,0.0243346206705467,0.0125403193204179,0.112431179530703,0.047065305225544
"t__d__Bacteria;p__Proteobacteria;c__Gammaproteobacteria;o__Enterobacterales;f__Succinivibrionaceae;g__Succinivibrio;s__Succinivibrio sp002449335",0.0178419369025366,0.0027241029009379,0.0699907564329956,0.019360181482618,0.035100778118459,0.0953608493228514,0.0159563493293144,0.049216588991138,0.0543085366340788,0.0632024151345951,0.0203637843599277,0.0124803844115384,0.00561690626460998,0.0323718821554751,0.0204739602755801,0.0342912941811104
"t__d__Bacteria;p__Proteobacteria;c__Gammaproteobacteria;o__Enterobacterales;f__Succinivibrionaceae;g__Succinivibrio;s__Succinivibrio sp900315395",0.0130408505686107,0.0192312612796938,0.0254267114780822,0.00694298552617828,0.0104595115043607,0,0,0.113140504738909,0.0223271995617098,0.033575622837151,0.0679289013358585,0.0378129630061515,0.0382517763002355,0.0508878876781943,0.0646954456758645,0.0335814414327333
"t__d__Bacteria;p__Proteobacteria;c__Gammaproteobacteria;o__Enterobacterales;f__Succinivibrionaceae;g__Succinivibrio;s__Succinivibrio sp900555115",0.00426927470633539,0.00416373735867494,0.0362058855818672,0,0,0,0.0363163559198039,0.121988154351792,0.03004023483142,0,0.00376116433197248,0.0135304167538553,0,0.015216282448818,0,0.0176994337523026
"t__d__Bacteria;p__Proteobacteria;c__Gammaproteobacteria;o__Enterobacterales;f__Succinivibrionaceae;g__Succinivibrio;s__Succinivibrio sp905201175",0.0538147717306936,0.132966954114706,0.182777540325482,0.048532214462281,0.0789824321803878,0.0819078704787424,0.209381045407703,0.27139817459753,0.0265028814732195,0.249556899591697,0.317183045588398,0.0532619270474629,0.0120146016688443,0.202110193843511,0.0931155006686264,0.134233736878619
"t__d__Bacteria;p__Proteobacteria;c__Gammaproteobacteria;o__Pseudomonadales;f__Oleiphilaceae;g__Marinobacter;s__Marinobacter sp003030785",0.0412281750586736,0.0146219953395695,0.100142971216553,0.0188483521049332,0.00381336356929817,0.0889576962341688,0.0102255979742102,0.112316561615756,0.041479579719047,0.0114272013168308,0.0688961945780114,0.0492904337400937,0.0509102440571777,0.0384701610082482,0.0149508217700847,0.0443719566201771
"t__d__Bacteria;p__Proteobacteria;c__Gammaproteobacteria;o__Pseudomonadales;f__Pseudomonadaceae;g__Pseudomonas_A",0.09394867530327,0.0747358135765453,0.0672536194915377,0.0996637233430023,0.0712721671836445,0.129231176478444,0.0588202262738887,0.307601707873376,0.0462148581758048,0.0948597345490325,0.0775446574326954,0.174226982586558,0.0875125766758878,0.177420535423802,0.0825310457763666,0.10952250000959
"t__d__Bacteria;p__Proteobacteria;c__Gammaproteobacteria;o__Xanthomonadales;f__Xanthomonadaceae;g__Lysobacter",0.0541427793224341,0.0211866203552665,0.0774625739980539,0.140164333199453,0.0592183930157276,0.0486019970258918,0.0155957749995424,0.271989906322366,0.107751498518145,0.157172053284322,0.0547148094369787,0.142965372680441,0.0683600227106523,0.158544499461182,0.130554974633484,0.100561707264263
"t__d__Bacteria;p__Spirochaetota;c__Brachyspirae;o__Brachyspirales;f__Brachyspiraceae;g__Brachyspira;s__Brachyspira pilosicoli_A",0.0594015033217437,0.00994888658944641,0.0429842850209728,0.0280828848584135,0.00943913916993741,0.0471266112490409,0.00721655307568707,0.072089805865347,0.0160772462782941,0.0067337373965511,0.0175656854327569,0.0203879963969868,0.0955880227386162,0.0197748093655827,0.0634141324396585,0.0343887532799357
"t__d__Bacteria;p__Spirochaetota;c__Spirochaetia;o__Sphaerochaetales;f__Sphaerochaetaceae;g__UBA9732",0.0258259212632447,0.00246985329685037,0.0755327846340291,0.0260273197473538,0.0215276356901693,0.00713397819961707,0.0108398843067469,0.303327927019397,0.0343316036042238,0.0692522146892603,0.0524024763535329,0.0859168574145512,0.0644392687050043,0.012611556224342,0.104150881369338,0.059719344167844
"t__d__Bacteria;p__Spirochaetota;c__Spirochaetia;o__Sphaerochaetales;f__Sphaerochaetaceae;g__UBA9732;s__UBA9732 sp001940825",0.0230178348553837,0.00321829368983532,0.0146836846360473,0.0605722087229735,0.0264292387303259,0.0166179727473433,0.0514482889701108,0.0715110548229434,0.0059421502244575,0.00932881331331646,0.09773346088416,0.049795049128044,0.0423165253926504,0.00374969631046918,0.0042155631240991,0.0320386557034773
"t__d__Bacteria;p__Synergistota;c__Synergistia;o__Synergistales;f__Aminobacteriaceae;g__Fretibacterium",0.0241192333736001,0.0338839634025613,0.31167845352048,0.0965284387425674,0.12310395858645,0.109208325103097,0.044142566465005,0.474613493788872,0.0594474694105569,0.134224458453695,0.0436054833530742,0.154761148313778,0.171240006079248,0.293182707636825,0.145559457246253,0.147953277565071
"t__d__Bacteria;p__Synergistota;c__Synergistia;o__Synergistales;f__Synergistaceae;g__Caccocola;s__Caccocola faecigallinarum",0.00409395487932716,0.0643858807675722,0.0485805590764665,0.183635775050033,0.173535997544572,0.053102785757289,0.0425385873407292,0.444790148196526,0.114609685811941,0.114825791772312,0.111262157953658,0.189377925793072,0.0496975248292271,0.119673433543636,0.185537081461929,0.126643152651886
"t__d__Bacteria;p__Verrucomicrobiota;c__Lentisphaeria;o__Victivallales;f__Victivallaceae;g__Victivallis",0.0100207743653897,0.00288149551299209,0.0747671466624931,0.0617675016776191,0.0157901498906494,0.0223207143093122,0.0179475714491807,0.147665112581974,0.0465398586044752,0.0121495148489757,0.0470278851262769,0.0603258947027294,0.0128718935587567,0.0502730738853062,0.108604090034716,0.0460635118140564
"t__d__Bacteria;p__Verrucomicrobiota;c__Verrucomicrobiae;o__Verrucomicrobiales;f__Akkermansiaceae;g__Akkermansia;s__Akkermansia muciniphila",0.0434075312671611,0.0394595454802994,0.072463861380054,0.0558698649878595,0.0412876044707396,0.0494911255538115,0,0.0986183998216065,0.0186899150307774,0.0442861727534232,0.00564174649795873,0.0566956507064502,0,0.0260505217358912,0.109369703645315,0.0440887762220898
"t__d__Bacteria;p__Verrucomicrobiota;c__Verrucomicrobiae;o__Verrucomicrobiales;f__Akkermansiaceae;g__Akkermansia;s__Akkermansia muciniphila_C",0.0292452508521261,0.0128615323532282,0.0188558476408163,0.0194818423324888,0.00751854661180774,0.00882829802202613,0.0110879331110817,0.169125915795246,0.0156388330692556,0.0846298080464456,0.0358081018096981,0.0684348347097516,0,0.0515598570322146,0.016441652093992,0.0366345502320119
"t__d__Bacteria;p__Verrucomicrobiota;c__Verrucomicrobiae;o__Verrucomicrobiales;f__Akkermansiaceae;g__Akkermansia;s__Akkermansia muciniphila_E",0.0204535441764046,0.0232117897219939,0.022327526141636,0.0178737064957377,0.0379095976354162,0,0.0084407897581697,0.0373394421755198,0.0120561887634234,0.0186954219845166,0.0376767403947013,0.0405229624439295,0.0258220071804615,0.0406518189275826,0.0570702171012533,0.0266701168600498
"t__d__Bacteria;p__Verrucomicrobiota;c__Verrucomicrobiae;o__Verrucomicrobiales;f__Akkermansiaceae;g__Akkermansia;s__Akkermansia sp900545155",0.00425316423574544,0.0106393680479708,0.0444126918412097,0.0575554148495896,0.0286487092006913,0.100013976704528,0.00430004185623467,0.326945130644931,0.00743653026602493,0.0216679496965661,0.0582646208799791,0.0565026256719962,0.0262356186198121,0.0482206817733006,0.0543719772819821,0.0566312334380375
